199.88135	127.73866
200.84242	124.97595
201.80351	126.20026
202.76459	127.85573
203.72568	128.57373
204.68675	128.12376
205.64784	127.37582
206.60892	126.89671
207.57001	127.52921
208.53108	128.54291
209.49217	127.73775
210.45325	128.79526
211.41434	128.55937
212.37541	127.60249
213.3365	127.3734
214.29758	126.07908
215.25867	125.64626
216.21974	126.26881
217.18083	127.92911
218.14191	126.17062
219.103	126.87856
220.06407	127.5089
221.02516	126.68073
221.98624	127.56007
222.94731	127.02831
223.9084	127.42927
224.86948	129.06902
225.83057	128.76599
226.79164	129.88846
227.75273	130.18552
228.71381	129.41576
229.6749	128.39645
230.63597	126.9387
231.59706	127.01517
232.55814	127.86724
233.51923	127.89993
234.4803	129.85693
235.44139	131.44093
236.40247	131.30531
237.36356	128.46568
238.32463	127.6217
239.28572	127.57494
240.2468	128.63086
241.20789	130.44279
242.16896	129.39787
243.13004	128.24091
244.09113	128.3933
245.0522	130.05962
246.01329	132.33203
246.97437	130.20932
247.93546	130.24489
248.89653	131.45732
249.85762	130.01718
250.8187	131.718
251.77979	130.70099
252.74086	129.30879
253.70195	130.29234
254.66302	131.71048
255.62411	132.31795
256.58521	131.87122
257.54626	130.40973
258.50735	129.15001
259.46844	129.48308
260.42953	130.71742
261.39059	132.53813
262.35168	134.64751
263.31277	133.11642
264.27383	131.62128
265.23492	130.54005
266.19601	129.6055
267.1571	133.54413
268.11816	133.03522
269.07925	131.24428
270.04034	131.1747
271.00143	130.95428
271.96249	130.80724
272.92358	131.88998
273.88467	133.90253
274.84576	132.91933
275.80682	131.99899
276.76791	133.48436
277.729	135.36018
278.69009	132.04552
279.65115	133.54401
280.61224	133.03038
281.57333	131.98123
282.53442	132.59453
283.49548	134.30219
284.45657	134.54062
285.41766	133.89935
286.37872	132.8826
287.33981	132.35623
288.3009	134.32767
289.26199	134.26894
290.22305	132.50128
291.18414	132.86179
292.14523	134.93538
293.10632	134.63422
294.06738	133.15829
295.02847	132.48531
295.98956	134.71791
296.95065	133.41406
297.91171	133.07753
298.8728	135.63098
299.83389	136.67404
300.79498	135.19412
301.75604	135.18277
302.71713	136.17413
303.67822	134.59213
304.63931	135.28625
305.60037	135.3054
306.56146	134.36768
307.52255	132.68352
308.48361	135.43538
309.4447	133.60632
310.40579	133.13655
311.36688	135.83078
312.32794	135.61951
313.28903	133.20763
314.25012	133.1413
315.21121	134.72433
316.17227	134.76752
317.13336	134.26709
318.09445	133.52145
319.05554	132.65541
320.0166	131.93997
320.97769	133.22479
321.93878	133.52119
322.89987	134.16849
323.86093	135.64595
324.82202	137.8436
325.78311	135.02461
326.74417	132.82045
327.70526	132.97926
328.66635	136.59306
329.62744	135.70251
330.5885	135.06857
331.54959	134.05434
332.51068	132.94661
333.47177	135.27052
334.43283	134.85559
335.39392	134.92616
336.35501	135.6861
337.3161	136.09863
338.27716	135.91351
339.23825	134.95856
340.19934	134.28127
341.16043	134.63884
342.12149	135.03929
343.08258	136.90378
344.04367	136.99443
345.00476	135.68817
345.96582	136.78285
346.92691	136.39215
347.888	136.80156
348.84906	137.40277
349.81015	137.30508
350.77124	135.9729
351.73233	137.87611
352.69339	139.29285
353.65448	138.92976
354.61557	137.81429
355.57666	137.24792
356.53772	137.07246
357.49881	136.96159
358.4599	136.56029
359.42099	136.70905
360.38205	137.78238
361.34314	138.12741
362.30423	137.44879
363.26532	137.86089
364.22638	137.26344
365.18747	136.86261
366.14856	137.10495
367.10965	138.24533
368.07071	137.2654
369.0318	137.07848
369.99289	137.03929
370.95395	137.11559
371.91504	138.72443
372.87613	139.19821
373.83722	138.69014
374.79828	137.79446
375.75937	137.34637
376.72046	137.8107
377.68155	137.52075
378.64261	137.80495
379.6037	138.83601
380.56479	138.29208
381.52588	137.99275
382.48694	138.73201
383.44803	139.31998
384.40912	138.00568
385.37021	135.6053
386.33127	135.81987
387.29236	136.52396
388.25345	136.81941
389.21451	137.51279
390.1756	137.40195
391.13669	136.35022
392.09778	136.12878
393.05884	138.51227
394.01993	136.25777
394.98102	137.13161
395.94211	139.01196
396.90317	139.8362
397.86426	136.28804
398.82535	135.67117
399.78644	137.56186
400.7475	139.07315
401.70859	137.65077
402.66968	137.32051
403.63077	137.87599
404.59183	138.11081
405.55292	137.80312
406.51401	137.43634
407.4751	137.97476
408.43616	139.09778
409.39725	138.76215
410.35834	136.39377
411.3194	138.85851
412.28049	136.99849
413.24158	136.89369
414.20267	138.28851
415.16373	138.18552
416.12482	138.40797
417.08591	138.51178
418.047	138.1114
419.00806	137.71878
419.96915	140.27904
420.93024	139.62523
421.89133	140.01799
422.85239	140.70174
423.81348	140.19579
424.77457	141.02336
425.73566	141.33322
426.69672	141.54695
427.65781	141.47412
428.6189	140.24803
429.57999	139.59102
430.54105	139.02106
431.50214	139.25447
432.46323	140.47249
433.42429	140.38167
434.38538	139.14365
435.34647	137.77844
436.30756	137.5468
437.26862	139.81892
438.22971	141.21153
439.1908	138.72159
440.15189	138.14537
441.11295	140.21191
442.07404	138.73607
443.03513	137.67035
443.99622	138.14647
444.95728	138.73621
445.91837	138.4583
446.87946	140.18071
447.84055	139.19098
448.80161	139.10318
449.7627	139.89299
450.72379	140.11459
451.68484	141.56859
452.64594	139.6964
453.60703	138.78581
454.56812	140.08372
455.52917	140.89955
456.49026	139.52438
457.45135	140.09697
458.41245	141.69183
459.3735	142.6059
460.33459	139.16776
461.29568	139.78853
462.25677	138.91716
463.21783	137.73872
464.17892	139.51125
465.14001	140.70473
466.1011	140.83257
467.06216	141.10376
468.02325	141.64494
468.98434	141.52737
469.94543	141.96143
470.90649	139.63885
471.86758	138.45483
472.82867	140.08585
473.78973	139.47835
474.75082	139.05376
475.71191	139.15994
476.673	139.38005
477.63406	139.26997
478.59515	139.56433
479.55624	139.94429
480.51733	140.99994
481.47839	142.21422
482.43948	142.44022
483.40057	140.76555
484.36166	142.19817
485.32272	142.36472
486.28381	140.74615
487.2449	141.55727
488.20599	139.92871
489.16705	139.95647
490.12814	140.2849
491.08923	140.09604
492.05032	140.93028
493.01138	138.81198
493.97247	139.78601
494.93356	140.80919
495.89462	138.70601
496.85571	140.68341
497.8168	138.83479
498.77789	137.85825
499.73895	137.99542
500.70004	137.94406
501.66113	140.02219
502.62222	140.60391
503.58328	140.08917
504.54437	139.39586
505.50546	140.03598
506.46655	140.09598
507.42761	140.55754
508.3887	141.02116
509.34979	141.33965
510.31088	141.75897
511.27194	141.80977
512.23303	140.66872
513.19409	140.25842
514.15521	141.12193
515.11627	139.3904
516.07733	140.95663
517.03845	141.00871
517.99951	140.03326
518.96063	139.33859
519.92169	140.1868
520.88275	139.00778
521.84387	139.07799
522.80493	139.86856
523.76599	140.09569
524.72711	141.90981
525.68817	141.672
526.64929	140.47368
527.61035	139.81796
528.57141	141.30933
529.53253	142.0742
530.49359	140.94937
531.45465	140.50508
532.41577	141.17342
533.37683	141.89284
534.33795	140.90094
535.29901	140.59111
536.26007	140.06374
537.22119	139.75858
538.18225	141.60272
539.14331	143.19446
540.10443	140.75311
541.06549	139.71106
542.02655	141.74286
542.98767	142.84572
543.94873	141.70752
544.90985	141.16745
545.87091	140.15488
546.83197	138.83943
547.79309	140.36006
548.75415	140.88274
549.71521	139.81015
550.67633	139.37254
551.63739	140.45831
552.59851	140.02922
553.55957	140.15833
554.52063	140.99886
555.48175	141.63495
556.44281	141.34915
557.40387	140.31462
558.36499	142.68936
559.32605	141.96658
560.28711	140.30443
561.24823	140.30846
562.20929	141.48761
563.17041	140.38924
564.13147	140.77711
565.09253	141.02769
566.05365	139.46214
567.01471	138.14436
567.97577	140.27341
568.93689	141.15636
569.89795	141.35754
570.85907	141.98679
571.82013	141.79076
572.78119	141.35226
573.74231	140.99579
574.70337	141.18205
575.66443	141.8956
576.62555	140.69838
577.58661	142.7706
578.54767	143.57039
579.50879	142.65073
580.46985	140.97336
581.43097	141.78575
582.39203	141.56047
583.35309	141.27106
584.31421	141.79369
585.27527	143.10271
586.23633	141.1913
587.19745	141.3353
588.15851	141.13872
589.11963	141.56525
590.08069	143.24139
591.04175	142.76613
592.00287	141.20804
592.96393	140.23047
593.92499	140.92136
594.88611	142.91678
595.84717	141.15305
596.80829	142.00595
597.76935	142.37903
598.73041	142.26917
599.69153	142.00098
600.65259	141.48358
601.61365	143.25945
602.57477	142.00685
603.53583	140.46248
604.49689	140.80162
605.45801	141.59151
606.41907	142.35791
607.38019	141.9317
608.34125	141.40749
609.30231	141.77316
610.26343	143.50114
611.22449	143.07726
612.18555	142.19362
613.14667	141.24907
614.10773	140.79846
615.06885	141.72572
616.02991	140.33296
616.99097	141.09119
617.95209	142.23131
618.91315	142.4913
619.87421	141.37576
620.83533	141.0249
621.79639	140.70636
622.75745	141.008
623.71857	142.11728
624.67963	143.71812
625.64075	141.77715
626.60181	140.44614
627.56287	140.9709
628.52399	142.08711
629.48505	141.51201
630.44611	140.2798
631.40723	140.52306
632.36829	141.13963
633.32941	142.37759
634.29047	144.32549
635.25153	143.74292
636.21265	143.50774
637.17371	142.7338
638.13477	142.49042
639.09589	143.2341
640.05695	142.07809
641.01801	140.37875
641.97913	140.95145
642.94019	142.73744
643.90131	143.98726
644.86237	142.54991
645.82343	142.40427
646.78455	143.02536
647.74561	143.19522
648.70667	142.46552
649.66779	141.35141
650.62885	142.12109
651.58997	142.00932
652.55103	141.44356
653.51208	142.13072
654.47321	145.75516
655.43427	143.64395
656.39532	143.28525
657.35645	143.31358
658.3175	142.8069
659.27863	141.54028
660.23969	142.04291
661.20074	141.46722
662.16187	140.80014
663.12292	141.21317
664.08398	142.44926
665.0451	140.58905
666.00616	140.33511
666.96722	142.4817
667.92834	144.4073
668.8894	144.65131
669.85052	143.68471
670.81158	143.85898
671.77264	143.3483
672.73376	142.59885
673.69482	141.99976
674.65588	141.95258
675.617	143.63812
676.57806	142.18489
677.53918	140.94795
678.50024	140.69946
679.4613	141.39159
680.42242	143.12762
681.38348	143.39494
682.34454	143.80678
683.30566	142.7171
684.26672	140.52516
685.22778	141.66533
686.1889	141.32085
687.14996	141.69762
688.11108	141.89
689.07214	141.73949
690.0332	141.75084
690.99432	142.45486
691.95538	142.58105
692.91644	142.2923
693.87756	142.06668
694.83862	142.52206
695.79974	144.43127
696.7608	142.69138
697.72186	140.69998
698.68298	140.52518
699.64404	141.84595
700.6051	141.02512
701.56622	141.85243
702.52728	141.96194
703.48834	141.53101
704.44946	141.21797
705.41052	141.83281
706.37164	143.17656
707.3327	141.6369
708.29376	140.85919
709.25488	140.76326
710.21594	140.88184
711.177	142.32281
712.13812	142.81447
713.09918	142.91754
714.0603	142.68454
715.02136	142.63226
715.98242	143.59033
716.94354	143.69308
717.9046	142.6543
718.86566	142.73331
719.82678	142.84938
720.78784	141.78635
721.74896	142.88792
722.71002	141.6452
723.67108	142.47223
724.6322	142.382
725.59326	141.05612
726.55432	142.59929
727.51544	143.4615
728.4765	142.24609
729.43756	143.22269
730.39868	143.99884
731.35974	141.22768
732.32086	142.51756
733.28192	141.93889
734.24298	141.30606
735.2041	141.63074
736.16516	142.35599
737.12622	140.99184
738.08734	142.29231
739.0484	139.6586
740.00952	138.95003
740.97058	140.93918
741.93164	143.05847
742.89276	140.07455
743.85382	140.84926
744.81488	141.16089
745.776	141.04269
746.73706	141.43549
747.69812	143.48239
748.65924	143.17154
749.6203	144.19406
750.58142	142.23422
751.54248	139.94293
752.50354	141.17934
753.46466	141.99803
754.42572	141.77785
755.38678	142.58302
756.3479	143.224
757.30896	142.87033
758.27008	141.75383
759.23114	143.2988
760.1922	142.01656
761.15332	141.35054
762.11438	141.13219
763.07544	140.81334
764.03656	142.29465
764.99762	141.45059
765.95868	141.66803
766.9198	141.85661
767.88086	141.9313
768.84198	142.56886
769.80304	142.44182
770.7641	143.19955
771.72522	142.90817
772.68628	141.84148
773.64734	141.03236
774.60846	141.82025
775.56952	142.31523
776.53064	142.17943
777.4917	142.07884
778.45276	142.57216
779.41388	143.38918
780.37494	141.55238
781.336	140.88867
782.29712	141.69804
783.25818	142.0376
784.2193	142.25626
785.18036	144.30782
786.14142	142.59381
787.10254	142.24895
788.0636	141.89618
789.02466	141.38928
789.98578	141.27254
790.94684	142.64616
791.9079	142.58017
792.86902	140.23676
793.83008	140.7209
794.7912	142.88203
795.75226	143.40643
796.71332	142.00388
797.67444	143.05368
798.6355	143.88478
799.59656	143.33379
800.55768	142.51523
801.51874	143.25128
802.47986	140.88577
803.44092	142.0582
804.40198	141.18199
805.3631	140.64662
806.32416	141.56061
807.28522	141.73361
808.24634	141.09349
809.2074	142.86011
810.16846	142.95488
811.12958	142.19919
812.09064	141.91609
813.05176	141.34441
814.01282	141.01274
814.97388	141.77148
815.935	141.7366
816.89606	141.79456
817.85712	142.15186
818.81824	136.92361
819.7793	140.4543
820.74042	141.38129
821.70148	141.9001
822.66254	142.65898
823.62366	142.8495
824.58472	142.4108
825.54578	140.37578
826.5069	141.20609
827.46796	142.85022
828.42902	143.44499
829.39014	142.58211
830.3512	142.75725
831.31232	140.39069
832.27338	140.50858
833.23444	141.06578
834.19556	140.60742
835.15662	140.0797
836.11768	141.46281
837.0788	139.77417
838.03986	139.99919
839.00098	140.65501
839.96204	140.35185
840.9231	140.20721
841.88422	141.41301
842.84528	142.77205
843.80634	142.09796
844.76746	141.24002
845.72852	141.90576
846.68964	143.14798
847.6507	139.68877
848.61176	141.07619
849.57288	140.58437
850.53394	140.34932
851.495	142.12654
852.45612	140.70482
853.41718	142.32643
854.37823	141.3665
855.33936	140.66115
856.30042	141.35266
857.26154	142.30432
858.2226	139.4791
859.18365	139.6769
860.14478	140.06128
861.10583	140.29114
862.06689	139.9063
863.02802	138.96185
863.98907	138.67696
864.9502	141.83186
865.91125	142.62428
866.87231	142.40584
867.83344	142.04701
868.79449	141.80994
869.75555	141.22758
870.71667	139.83879
871.67773	140.46771
872.63879	141.43384
873.59991	141.49127
874.56097	140.52194
875.52209	140.15063
876.48315	140.71605
877.44421	139.0103
878.40533	140.44238
879.36639	142.26146
880.32745	141.49698
881.28857	141.48041
882.24963	140.83257
883.21075	140.21869
884.17181	140.07147
885.13287	141.36343
886.09399	142.92635
887.05505	140.23518
888.01611	139.08415
888.97723	141.57184
889.93829	141.43692
890.89935	140.96942
891.86047	141.89252
892.82153	141.30362
893.78265	140.89043
894.74371	139.32852
895.70477	138.70865
896.66589	140.26018
897.62695	142.61073
898.58801	142.27609
899.54913	141.54285
900.51019	142.31184
901.47131	142.0369
902.43237	141.91502
903.39343	142.69621
904.35455	143.42503
905.31561	140.18768
906.27667	142.30794
907.23779	141.53587
908.19885	141.36638
909.15997	141.83299
910.12103	140.5688
911.08209	140.70636
912.04321	139.9642
913.00427	141.51292
913.96533	141.76956
914.92645	141.49544
915.88751	142.03387
916.84857	139.1555
917.80969	141.75056
918.77075	139.51372
919.73187	138.36171
920.69293	140.51648
921.65399	143.47043
922.61511	140.6701
923.57617	139.39879
924.53723	140.36572
925.49835	140.40329
926.45941	141.08022
927.42053	142.06674
928.38159	140.42699
929.34265	141.08003
930.30377	142.28294
931.26483	141.55901
932.22589	141.1465
933.18701	141.63585
934.14807	142.10533
935.10913	143.28004
936.07025	139.89809
937.03131	140.39117
937.99243	141.52676
938.95349	141.07008
939.91455	139.46222
940.87567	140.34067
941.83673	139.62318
942.79779	141.01202
943.75891	140.46796
944.71997	140.63515
945.68109	142.31706
946.64215	142.16745
947.60321	142.76643
948.56433	144.20375
949.52539	142.209
950.48645	141.59067
951.44757	141.96176
952.40863	140.2321
953.36969	140.9348
954.33081	140.91531
955.29187	139.90453
956.25299	140.50089
957.21405	140.3837
958.17511	139.2598
959.13623	142.83615
960.09729	143.49319
961.05835	139.9595
962.01947	140.68576
962.98053	141.57938
963.94165	141.96649
964.90271	144.52304
965.86377	141.68869
966.82489	141.48349
967.78595	140.70502
968.74701	140.75536
969.70813	141.12025
970.66919	141.41542
971.63031	143.27184
972.59137	142.55515
973.55243	141.55234
974.51355	140.19753
975.47461	140.61694
976.43567	141.98691
977.39679	141.19614
978.35785	139.64908
979.31891	142.14977
980.28003	140.29118
981.24109	139.95583
982.20221	140.91959
983.16327	140.93239
984.12433	140.57993
985.08545	140.13562
986.04651	139.59619
987.00757	139.09149
987.96869	139.38515
988.92975	140.05841
989.89087	140.51495
990.85193	143.23717
991.81299	139.34048
992.77411	141.22437
993.73517	142.0015
994.69623	141.78058
995.65735	141.3644
996.61841	139.14371
997.57947	140.77863
998.54059	140.29404
999.50165	140.0291
1000.4628	141.17212
1001.4238	141.9877
1002.3849	141.19168
1003.346	142.15048
1004.3071	140.93304
1005.2681	142.88924
1006.2292	142.63249
1007.1903	141.20979
1008.1514	140.69704
1009.1125	141.43204
1010.0735	140.1732
1011.0347	141.29585
1011.9957	142.73303
1012.9568	143.25851
1013.9179	142.66801
1014.879	141.45604
1015.84	140.85257
1016.8011	141.55359
1017.7622	141.57492
1018.7233	141.48669
1019.6844	141.74687
1020.6454	142.31311
1021.6066	142.20506
1022.5676	141.04131
1023.5287	142.14821
1024.4897	143.05034
1025.4509	142.1347
1026.412	141.86198
1027.373	141.70378
1028.3341	141.01674
1029.2952	141.10532
1030.2563	142.54677
1031.2174	141.51364
1032.1785	140.93898
1033.1395	141.87268
1034.1006	141.82106
1035.0616	139.97237
1036.0228	141.94968
1036.9839	142.03854
1037.9449	141.03413
1038.906	140.61221
1039.8671	140.88327
1040.8282	141.23991
1041.7893	142.50732
1042.7504	141.94978
1043.7114	142.08086
1044.6725	142.65311
1045.6335	142.18153
1046.5947	142.04985
1047.5558	141.83064
1048.5168	142.62096
1049.4779	140.98497
1050.439	140.65581
1051.4001	141.70259
1052.3612	142.41704
1053.3223	142.07466
1054.2833	141.29649
1055.2444	141.59541
1056.2056	141.35925
1057.1666	142.26826
1058.1277	141.9207
1059.0887	140.75725
1060.0498	141.67131
1061.0109	142.39125
1061.972	141.14143
1062.9331	140.22522
1063.8942	141.80731
1064.8552	141.30957
1065.8163	141.4203
1066.7775	142.25464
1067.7385	142.04257
1068.6996	142.53758
1069.6606	141.89288
1070.6217	143.07481
1071.5828	143.12579
1072.5439	142.82916
1073.505	142.22015
1074.4661	140.65578
1075.4271	141.64865
1076.3882	142.18692
1077.3494	143.31876
1078.3104	141.68134
1079.2715	141.97554
1080.2325	142.92757
1081.1936	142.90425
1082.1547	143.53528
1083.1158	143.98669
1084.0769	142.74062
1085.038	142.66362
1085.999	142.7773
1086.9601	142.35364
1087.9213	142.78113
1088.8823	143.20892
1089.8434	142.57817
1090.8044	142.49594
1091.7655	142.58102
1092.7267	142.61696
1093.6877	142.74835
1094.6488	143.50238
1095.6099	142.96571
1096.5709	141.64252
1097.532	142.63081
1098.4932	141.82458
1099.4542	142.90073
1100.4153	143.34897
1101.3763	142.1769
1102.3374	142.71127
1103.2986	143.22333
1104.2596	142.32594
1105.2207	143.16032
1106.1818	142.48831
1107.1428	144.75081
1108.1039	143.8815
1109.0651	143.29662
1110.0261	142.85599
1110.9872	143.14897
1111.9482	142.70222
1112.9093	143.18015
1113.8705	141.80182
1114.8315	141.56035
1115.7926	142.81544
1116.7537	142.24379
1117.7147	141.70845
1118.6759	141.65215
1119.637	141.96693
1120.598	143.34091
1121.5591	142.88133
1122.5201	142.33263
1123.4812	142.62311
1124.4424	143.33301
1125.4034	143.58113
1126.3645	143.52171
1127.3256	142.78453
1128.2866	143.96782
1129.2478	143.78441
1130.2089	142.77
1131.1699	142.142
1132.131	142.82491
1133.092	143.58755
1134.0531	142.53642
1135.0143	143.26431
1135.9753	141.1691
1136.9364	141.46477
1137.8975	143.45029
1138.8585	143.92586
1139.8197	143.36594
1140.7808	143.79773
1141.7418	141.8378
1142.7029	140.66969
1143.6639	141.04349
1144.625	142.90988
1145.5862	143.89742
1146.5472	143.23802
1147.5083	143.71216
1148.4694	142.78687
1149.4304	143.7981
1150.3916	144.02754
1151.3527	144.46838
1152.3137	144.12515
1153.2748	143.61557
1154.2358	143.1568
1155.197	143.1546
1156.1581	144.04239
1157.1191	144.34381
1158.0802	144.55453
1159.0413	144.11954
1160.0023	143.91971
1160.9635	144.43843
1161.9246	144.42918
1162.8856	142.97035
1163.8467	143.26717
1164.8077	144.49495
1165.7689	145.37248
1166.73	145.36394
1167.691	144.41133
1168.6521	143.46143
1169.6132	145.12794
1170.5742	146.07802
1171.5354	144.23799
1172.4965	142.93973
1173.4575	142.98212
1174.4186	143.33403
1175.3796	143.07999
1176.3408	143.02396
1177.3019	143.43448
1178.2629	143.62306
1179.224	142.66196
1180.1851	143.91061
1181.1462	144.80177
1182.1073	143.86728
1183.0684	143.21745
1184.0294	143.11639
1184.9905	144.63396
1185.9515	143.48578
1186.9127	142.61423
1187.8738	142.71344
1188.8348	144.40955
1189.7959	146.31947
1190.757	145.20085
1191.7181	145.27505
1192.6792	144.09737
1193.6403	145.42761
1194.6013	145.48485
1195.5624	144.54396
1196.5234	145.0011
1197.4846	146.94893
1198.4457	145.38217
1199.4067	142.81084
1200.3678	142.65948
1201.3289	144.44742
1202.29	144.82477
1203.2511	144.72003
1204.2122	144.94209
1205.1732	144.78471
1206.1343	145.59113
1207.0953	144.92619
1208.0565	145.21182
1209.0176	145.07907
1209.9786	146.54666
1210.9397	146.88438
1211.9008	145.72633
1212.8619	147.22937
1213.823	147.66054
1214.7841	144.92181
1215.7451	144.98254
1216.7062	144.96756
1217.6674	146.69627
1218.6284	146.76385
1219.5895	144.09691
1220.5505	144.79736
1221.5116	146.17824
1222.4727	143.98737
1223.4338	145.17078
1224.3949	145.23149
1225.356	144.84055
1226.317	144.48787
1227.2781	144.21742
1228.2393	145.08311
1229.2003	148.05711
1230.1614	145.34244
1231.1224	144.41881
1232.0835	146.52721
1233.0446	146.69215
1234.0057	144.99313
1234.9668	144.47778
1235.9279	144.71397
1236.8889	144.04829
1237.85	145.60452
1238.8112	146.66153
1239.7722	145.8472
1240.7333	145.198
1241.6943	145.42911
1242.6554	146.10301
1243.6166	147.11121
1244.5776	146.42455
1245.5387	144.92331
1246.4998	144.94443
1247.4608	146.57195
1248.4219	146.94017
1249.3831	145.50749
1250.3441	144.22716
1251.3052	145.87115
1252.2662	154.02281
1253.2273	190.21257
1254.1885	157.52522
1255.1495	146.17154
1256.1106	145.81219
1257.0717	145.58386
1258.0327	146.14279
1258.9938	146.35901
1259.955	144.23322
1260.916	144.50224
1261.8771	144.87167
1262.8381	145.25851
1263.7992	146.2117
1264.7604	147.12009
1265.7214	146.40091
1266.6825	144.23953
1267.6436	145.47134
1268.6046	149.14964
1269.5657	144.7879
1270.5269	145.98622
1271.4879	147.32089
1272.449	146.41548
1273.41	145.22839
1274.3711	145.79021
1275.3323	146.39789
1276.2933	146.8905
1277.2544	145.62227
1278.2155	146.19203
1279.1765	147.27284
1280.1377	146.80826
1281.0988	146.79475
1282.0598	147.47453
1283.0209	145.32709
1283.9819	145.67072
1284.943	147.02353
1285.9042	147.52678
1286.8652	147.07268
1287.8263	147.34778
1288.7874	146.59785
1289.7484	145.97115
1290.7096	147.5195
1291.6707	146.05338
1292.6317	145.24681
1293.5928	147.50937
1294.5538	147.27249
1295.5149	145.5144
1296.4761	146.20514
1297.4371	148.1862
1298.3982	148.87621
1299.3593	148.99756
1300.3203	147.14558
1301.2815	147.73994
1302.2426	145.23114
1303.2036	146.76685
1304.1647	146.88814
1305.1257	145.95567
1306.0869	145.75681
1307.048	146.09505
1308.009	146.59285
1308.9701	146.877
1309.9312	146.99213
1310.8922	145.50223
1311.8534	145.78287
1312.8145	145.465
1313.7755	145.56436
1314.7366	146.47876
1315.6976	146.12204
1316.6588	146.18721
1317.6199	145.62575
1318.5809	145.70749
1319.542	146.34103
1320.5031	145.8456
1321.4641	145.69313
1322.4253	145.98099
1323.3864	146.48405
1324.3474	147.59018
1325.3085	145.96429
1326.2695	145.56847
1327.2307	146.27687
1328.1918	146.72919
1329.1528	148.56918
1330.1139	148.39908
1331.075	147.26761
1332.036	147.9039
1332.9972	147.89812
1333.9583	146.1796
1334.9193	148.38936
1335.8804	148.19162
1336.8414	146.97156
1337.8026	148.13962
1338.7637	148.65007
1339.7247	148.01335
1340.6858	148.35533
1341.6469	148.60487
1342.608	147.16119
1343.5691	148.26465
1344.5302	147.70248
1345.4912	147.87497
1346.4523	148.28627
1347.4133	148.00157
1348.3745	147.27278
1349.3356	147.25502
1350.2966	148.07014
1351.2577	147.05005
1352.2188	147.86526
1353.1799	148.23907
1354.141	146.66185
1355.1021	146.82106
1356.0631	147.4823
1357.0242	146.862
1357.9852	146.11777
1358.9464	147.32843
1359.9075	147.46687
1360.8685	144.96596
1361.8296	146.54182
1362.7906	145.92165
1363.7518	146.51015
1364.7129	147.04929
1365.674	146.41949
1366.635	146.02733
1367.5961	147.33354
1368.5573	147.99254
1369.5183	147.49031
1370.4794	147.78307
1371.4404	148.92114
1372.4015	147.48701
1373.3625	146.15939
1374.3237	145.60712
1375.2848	144.86008
1376.2458	144.73289
1377.2069	147.29901
1378.168	146.89519
1379.1292	146.03305
1380.0902	146.00203
1381.0513	145.3116
1382.0123	147.15457
1382.9734	146.77972
1383.9344	144.99542
1384.8956	145.40308
1385.8567	145.43147
1386.8177	145.92432
1387.7788	147.10643
1388.7399	146.20712
1389.701	145.78061
1390.6621	145.68147
1391.6232	146.07576
1392.5842	147.00308
1393.5453	147.33528
1394.5063	146.16112
1395.4675	145.29099
1396.4286	146.21355
1397.3896	146.38734
1398.3507	146.51004
1399.3118	145.36749
1400.2729	145.01793
1401.234	145.77794
1402.1951	146.04425
1403.1561	145.68327
1404.1172	146.14856
1405.0784	145.28821
1406.0394	144.13803
1407.0005	146.50522
1407.9615	145.14771
1408.9226	145.64995
1409.8837	146.37932
1410.8448	145.96191
1411.8059	144.69585
1412.767	144.2505
1413.728	145.92599
1414.6891	146.8091
1415.6503	147.03546
1416.6113	145.04077
1417.5724	144.61812
1418.5334	145.19313
1419.4945	143.93875
1420.4556	143.01587
1421.4167	144.39702
1422.3778	145.75555
1423.3389	144.91069
1424.2999	147.24554
1425.261	143.16771
1426.2222	146.1236
1427.1832	146.7027
1428.1443	144.97133
1429.1053	145.0547
1430.0664	144.9617
1431.0276	144.45641
1431.9886	144.85092
1432.9497	143.75282
1433.9108	145.95805
1434.8718	145.33151
1435.8329	143.52409
1436.7941	144.3452
1437.7551	144.77896
1438.7162	143.38965
1439.6772	142.3936
1440.6383	142.98865
1441.5995	143.58806
1442.5605	142.9232
1443.5216	142.7885
1444.4827	144.43135
1445.4437	144.67233
1446.4048	144.65533
1447.366	143.9509
1448.327	144.42464
1449.2881	144.49744
1450.2491	144.67387
1451.2102	145.45984
1452.1714	144.88661
1453.1324	144.31046
1454.0935	145.58829
1455.0546	145.13295
1456.0156	144.81868
1456.9767	143.4761
1457.9379	144.29604
1458.8989	144.129
1459.86	144.13834
1460.821	145.44197
1461.7821	145.78522
1462.7433	144.67191
1463.7043	141.88182
1464.6654	143.416
1465.6265	143.40726
1466.5875	144.38412
1467.5487	145.16245
1468.5098	145.57091
1469.4708	145.79443
1470.4319	146.48268
1471.3929	146.45749
1472.354	144.68893
1473.3152	145.54883
1474.2762	144.3463
1475.2373	146.49425
1476.1984	146.15561
1477.1594	144.83179
1478.1206	143.90756
1479.0817	144.00212
1480.0427	144.0018
1481.0038	144.01112
1481.9648	144.59314
1482.9259	144.4304
1483.8871	143.49406
1484.8481	143.75407
1485.8092	146.35367
1486.7703	145.12091
1487.7313	144.53084
1488.6925	145.0378
1489.6536	144.40419
1490.6146	144.44395
1491.5757	144.22043
1492.5367	142.24863
1493.4979	142.77971
1494.459	143.50049
1495.42	145.08105
1496.3811	144.89366
1497.3422	144.18417
1498.3032	144.04498
1499.2644	143.57872
1500.2255	143.28781
1501.1865	143.03085
1502.1476	142.06314
1503.1086	141.04536
1504.0698	141.9493
1505.0309	143.81784
1505.9919	141.41275
1506.953	141.43544
1507.9141	142.78232
1508.8751	142.00412
1509.8363	143.51836
1510.7974	143.87637
1511.7584	144.09767
1512.7195	144.49498
1513.6805	143.92276
1514.6417	144.14079
1515.6028	145.13075
1516.5638	142.82394
1517.5249	142.85968
1518.486	144.31844
1519.447	143.22725
1520.4082	143.15169
1521.3693	143.32251
1522.3303	143.16753
1523.2914	143.82915
1524.2524	144.3362
1525.2136	143.26207
1526.1747	143.5955
1527.1357	144.77975
1528.0968	144.23547
1529.0579	144.68744
1530.019	145.88242
1530.9801	144.0735
1531.9412	145.67184
1532.9022	144.52182
1533.8633	143.21567
1534.8243	144.12985
1535.7855	144.34473
1536.7466	143.95116
1537.7076	145.66354
1538.6687	145.26103
1539.6298	147.12584
1540.5909	145.58873
1541.552	142.61993
1542.5131	143.94203
1543.4741	142.94041
1544.4352	143.65063
1545.3962	143.12875
1546.3574	141.8199
1547.3185	142.86107
1548.2795	142.78203
1549.2406	144.1489
1550.2017	144.8819
1551.1628	145.71213
1552.1239	143.74745
1553.085	143.63216
1554.046	143.31165
1555.0071	143.73488
1555.9683	144.51782
1556.9293	145.24341
1557.8904	144.79289
1558.8514	144.06706
1559.8125	144.83527
1560.7736	143.25604
1561.7347	142.79257
1562.6958	144.95465
1563.6569	145.43501
1564.6179	143.56277
1565.579	143.34894
1566.5402	144.37796
1567.5012	144.53471
1568.4623	143.29216
1569.4233	142.37117
1570.3844	142.6143
1571.3455	143.65834
1572.3066	145.22095
1573.2677	142.54021
1574.2288	143.91644
1575.1898	142.38017
1576.1509	141.43069
1577.1121	142.6803
1578.0731	143.85152
1579.0342	143.86505
1579.9952	143.22365
1580.9563	143.78815
1581.9174	144.74959
1582.8785	144.3531
1583.8396	143.26831
1584.8007	141.56766
1585.7617	143.52068
1586.7228	146.91165
1587.684	144.43399
1588.645	145.31111
1589.6061	142.91295
1590.5671	142.26501
1591.5282	143.55751
1592.4894	144.37779
1593.4504	143.17114
1594.4115	141.6489
1595.3726	141.99365
1596.3336	142.76273
1597.2947	142.12151
1598.2559	141.79315
1599.2169	141.3347
1600.178	143.14336
1601.139	141.82799
1602.1001	142.31381
1603.0613	142.55554
1604.0223	142.4827
1604.9834	143.2581
1605.9445	143.50067
1606.9055	142.83089
1607.8666	142.07503
1608.8278	140.99031
1609.7888	141.43202
1610.7499	141.97495
1611.7109	141.0601
1612.672	140.99535
1613.6332	139.11264
1614.5942	141.0159
1615.5553	140.87529
1616.5164	140.19034
1617.4774	138.99564
1618.4386	139.10489
1619.3997	140.1515
1620.3607	140.84106
1621.3218	140.84996
1622.2828	139.58223
1623.2439	142.59622
1624.2051	142.17886
1625.1661	141.1338
1626.1272	140.05185
1627.0883	140.17363
1628.0493	140.55205
1629.0105	139.77148
1629.9716	139.74553
1630.9326	139.30508
1631.8937	138.43413
1632.8547	138.57748
1633.8158	139.21722
1634.777	138.90501
1635.738	138.70012
1636.6991	139.0549
1637.6602	137.60168
1638.6212	137.77882
1639.5824	137.11841
1640.5435	139.28915
1641.5045	137.58994
1642.4656	137.1291
1643.4266	137.18333
1644.3877	136.78189
1645.3489	137.25891
1646.3099	137.65514
1647.271	136.89595
1648.2321	136.69766
1649.1931	136.7027
1650.1543	135.8723
1651.1154	138.25714
1652.0764	136.14035
1653.0375	137.66086
1653.9985	136.29051
1654.9597	135.38039
1655.9208	135.00763
1656.8818	135.50386
1657.8429	136.86331
1658.804	136.87689
1659.765	134.70988
1660.7262	134.49391
1661.6873	136.56842
1662.6483	135.75638
1663.6094	135.94093
1664.5704	136.60396
1665.5316	135.62836
1666.4927	135.34412
1667.4537	136.60077
1668.4148	136.78079
1669.3759	137.5726
1670.3369	136.1274
1671.2981	136.28401
1672.2592	135.57025
1673.2202	135.31096
1674.1813	135.02806
1675.1423	134.9017
1676.1035	135.81798
1677.0646	135.23039
1678.0256	135.3743
1678.9867	136.20273
1679.9478	135.73853
1680.9089	133.85756
1681.87	133.00853
1682.8311	135.29324
1683.7921	133.27264
1684.7532	133.71405
1685.7142	132.95044
1686.6754	132.82861
1687.6365	136.21992
1688.5975	136.19215
1689.5586	133.34457
1690.5197	133.58537
1691.4808	134.72105
1692.4419	135.04172
1693.403	133.39063
1694.364	133.48674
1695.3251	133.96477
1696.2861	132.80655
1697.2473	132.69417
1698.2084	132.66084
1699.1694	133.99384
1700.1305	133.83766
1701.0916	133.23112
1702.0527	133.31357
1703.0138	133.49179
1703.9749	133.20976
1704.9359	133.73193
1705.897	133.81178
1706.858	132.26488
1707.8192	132.73241
1708.7803	132.41261
1709.7413	131.55313
1710.7024	133.17874
1711.6635	132.78288
1712.6246	131.5385
1713.5857	132.16875
1714.5468	132.43103
1715.5078	132.4989
1716.4689	131.92683
1717.4301	132.33539
1718.3911	133.34975
1719.3522	133.31332
1720.3132	131.76062
1721.2743	131.81508
1722.2354	133.9951
1723.1965	133.91869
1724.1576	133.11288
1725.1187	134.698
1726.0797	133.83539
1727.0408	131.45885
1728.002	132.17232
1728.963	130.38742
1729.9241	130.83365
1730.8851	132.48738
1731.8462	131.96909
1732.8073	133.06572
1733.7684	134.02551
1734.7295	132.02002
1735.6906	130.15523
1736.6516	131.89429
1737.6127	132.92448
1738.5739	131.19675
1739.5349	131.18221
1740.496	131.49608
1741.457	131.17561
1742.4181	131.08238
1743.3793	130.79558
1744.3403	131.61159
1745.3014	131.31506
1746.2625	132.73706
1747.2235	131.12234
1748.1846	130.92456
1749.1458	131.9292
1750.1068	131.14409
1751.0679	129.72325
1752.0289	130.42706
1752.99	131.84729
1753.9512	131.11259
1754.9122	130.41032
1755.8733	131.33363
1756.8344	131.80937
1757.7954	132.1095
1758.7565	130.91283
1759.7177	130.35408
1760.6787	129.70454
1761.6398	131.37349
1762.6008	132.31776
1763.5619	130.69823
1764.5231	129.17763
1765.4841	130.22252
1766.4452	128.7648
1767.4063	129.69211
1768.3673	128.86143
1769.3284	128.84621
1770.2896	129.96812
1771.2506	130.662
1772.2117	129.5853
1773.1727	128.68422
1774.1338	129.91846
1775.095	130.80978
1776.056	130.4689
1777.0171	130.79863
1777.9781	130.38942
1778.9392	129.45184
1779.9004	129.82574
1780.8615	130.97496
1781.8225	127.30098
1782.7836	131.32242
1783.7446	127.57516
1784.7057	128.37958
1785.6669	128.77148
1786.6279	128.93634
1787.589	129.16888
1788.55	129.64612
1789.5111	130.15013
1790.4723	128.97681
1791.4333	128.80318
1792.3944	128.72243
1793.3555	127.47118
1794.3165	128.41237
1795.2776	128.99905
1796.2388	129.40128
1797.1998	127.81278
1798.1609	129.9763
1799.1219	130.39372
1800.083	128.81456
1801.0442	129.5114
1802.0052	128.62215
1802.9663	127.38554
1803.9274	128.6039
1804.8884	128.87115
1805.8496	128.21815
1806.8107	128.63823
1807.7717	129.43166
1808.7328	129.61597
1809.6938	129.35446
1810.6549	127.70042
1811.6161	127.40462
1812.5771	128.35428
1813.5382	127.57806
1814.4993	127.40645
1815.4603	128.26158
1816.4215	127.34914
1817.3826	127.10245
1818.3436	126.64285
1819.3047	126.32572
1820.2657	126.15678
1821.2268	126.7129
1822.188	126.92792
1823.149	126.98587
1824.1101	125.12195
1825.0712	127.00137
1826.0322	126.8743
1826.9934	125.90836
1827.9545	125.76471
1828.9155	126.43099
1829.8766	126.98917
1830.8376	126.38109
1831.7987	125.55334
1832.7599	126.56976
1833.7209	127.56239
1834.682	126.82574
1835.6431	126.53461
1836.6041	126.98492
1837.5653	126.54916
1838.5264	125.93109
1839.4874	125.76906
1840.4485	126.20566
1841.4095	126.45341
1842.3707	127.36281
1843.3318	125.51522
1844.2928	125.86977
1845.2539	125.81345
1846.215	124.13655
1847.176	125.90205
1848.1372	125.13335
1849.0983	125.32663
1850.0593	125.00935
1851.0204	125.42076
1851.9814	125.50172
1852.9426	125.09182
1853.9037	125.29201
1854.8647	125.81008
1855.8258	125.72095
1856.7869	126.18315
1857.7479	126.43379
1858.7091	126.24787
1859.6702	125.37405
1860.6312	122.91434
1861.5923	123.89848
1862.5533	125.1011
1863.5145	124.71204
1864.4756	124.0733
1865.4366	124.58158
1866.3977	124.42984
1867.3588	125.96935
1868.3199	124.98341
1869.281	124.41061
1870.2421	124.66662
1871.2031	124.99181
1872.1642	124.60833
1873.1252	125.72559
1874.0864	124.91269
1875.0475	124.73665
1876.0085	124.90396
1876.9696	125.10799
1877.9307	125.61602
1878.8918	124.29821
1879.8529	123.13463
1880.814	123.06266
1881.775	123.65342
1882.7361	124.1116
1883.6971	122.98411
1884.6583	122.16373
1885.6194	123.55376
1886.5804	123.69444
1887.5415	122.88329
1888.5026	124.29025
1889.4637	122.90831
1890.4248	123.77119
1891.3859	124.68554
1892.3469	123.52711
1893.308	122.41238
1894.269	122.01675
1895.2302	120.17003
1896.1913	122.53651
1897.1523	122.98126
1898.1134	121.23507
1899.0745	120.67673
1900.0356	121.50568
1900.9967	121.78681
1901.9578	122.3629
1902.9188	123.26644
1903.8799	121.95166
1904.8411	121.26014
1905.8021	121.7216
1906.7632	121.51912
1907.7242	122.13815
1908.6853	121.312
1909.6464	120.56092
1910.6075	121.08392
1911.5686	121.87868
1912.5297	122.36814
1913.4907	122.25872
1914.4518	121.97945
1915.413	122.01611
1916.374	122.14143
1917.3351	121.20311
1918.2961	121.19352
1919.2572	122.03586
1920.2183	122.92825
1921.1794	123.3652
1922.1405	122.88203
1923.1016	121.84175
1924.0626	122.14781
1925.0237	121.60518
1925.9849	120.5253
1926.9459	120.72707
1927.907	121.6537
1928.868	122.42792
1929.8291	122.11916
1930.7903	119.25711
1931.7513	119.94726
1932.7124	119.70931
1933.6735	120.28619
1934.6345	119.43642
1935.5956	120.0958
1936.5568	120.7907
1937.5178	120.31615
1938.4789	120.3323
1939.4399	118.79453
1940.401	117.96944
1941.3622	119.56259
1942.3232	119.99211
1943.2843	119.3149
1944.2454	119.77618
1945.2064	120.11882
1946.1675	119.90092
1947.1287	119.13135
1948.0897	119.20957
1949.0508	120.14215
1950.0118	118.6116
1950.9729	118.50858
1951.9341	119.33361
1952.8951	119.72558
1953.8562	119.69143
1954.8173	119.27486
1955.7783	118.21771
1956.7394	119.55435
1957.7006	119.50043
1958.6616	118.75251
1959.6227	119.47848
1960.5837	118.68291
1961.5448	117.37144
1962.506	118.91605
1963.467	118.67159
1964.4281	117.28065
1965.3892	117.17558
1966.3502	116.90242
1967.3114	118.87626
1968.2725	119.63263
1969.2335	118.67206
1970.1946	117.86066
1971.1556	117.59914
1972.1167	118.15742
1973.0779	117.76443
1974.0389	117.86003
1975	117.47587
1975.9611	116.70521
1976.9221	116.93636
1977.8833	116.33864
1978.8444	117.82914
1979.8054	117.62898
1980.7665	116.68846
1981.7275	116.64207
1982.6886	117.29099
1983.6498	116.53519
1984.6108	116.87008
1985.5719	116.47767
1986.533	116.58498
1987.494	116.60345
1988.4552	116.63571
1989.4163	116.5683
1990.3773	116.43272
1991.3384	116.94946
1992.2994	116.98757
1993.2606	116.56775
1994.2217	115.54137
1995.1827	115.74522
1996.1438	116.70482
1997.1049	116.41635
1998.0659	116.02847
1999.0271	115.88201
1999.9882	115.521
2000.9492	115.33123
2001.9103	116.22409
2002.8713	115.5983
2003.8325	116.26306
2004.7936	115.78281
2005.7546	115.35493
2006.7157	115.71963
2007.6768	115.01484
2008.6378	113.95685
2009.599	115.33456
2010.5601	115.10072
2011.5211	114.0312
2012.4822	114.46614
2013.4432	115.18354
2014.4044	115.93923
2015.3655	115.26469
2016.3265	115.27776
2017.2876	114.20444
2018.2487	114.44199
2019.2097	114.27341
2020.1709	114.89915
2021.132	115.68755
2022.093	114.64365
2023.0541	113.0914
2024.0151	114.10326
2024.9763	114.54036
2025.9374	114.55439
2026.8984	114.52584
2027.8595	114.3239
2028.8206	115.01132
2029.7817	114.56443
2030.7428	114.58733
2031.7039	113.88877
2032.6649	114.13533
2033.626	113.36568
2034.587	114.23457
2035.5482	114.09427
2036.5093	113.78326
2037.4703	112.88237
2038.4314	113.81522
2039.3925	113.49604
2040.3536	114.49048
2041.3147	115.52483
2042.2758	115.4173
2043.2368	114.68239
2044.1979	115.09428
2045.1589	114.41921
2046.1201	114.7344
2047.0812	114.04279
2048.0422	113.46397
2049.0034	113.22671
2049.9644	112.89871
2050.9255	113.85893
2051.8865	113.20757
2052.8477	112.05776
2053.8088	112.88408
2054.7698	113.29771
2055.731	112.49208
2056.6919	113.09314
2057.6531	112.66496
2058.6143	112.76259
2059.5752	111.76936
2060.5364	111.46307
2061.4973	111.12479
2062.4585	111.35065
2063.4194	111.94702
2064.3806	111.89328
2065.3418	110.91353
2066.3027	110.13474
2067.2639	109.44476
2068.2249	109.83551
2069.186	110.86781
2070.1472	110.99113
2071.1082	110.31542
2072.0693	109.64295
2073.0303	110.47035
2073.9915	109.83807
2074.9526	110.06542
2075.9136	110.27418
2076.8748	108.29255
2077.8357	108.94469
2078.7969	109.11653
2079.7581	109.61483
2080.719	109.1045
2081.6802	109.0623
2082.6411	108.84072
2083.6023	107.61446
2084.5635	109.44097
2085.5244	108.9574
2086.4856	106.48329
2087.4465	106.93662
2088.4077	106.74459
2089.3687	106.0731
2090.3298	106.32507
2091.291	106.90404
2092.252	107.86426
2093.2131	107.97602
2094.1741	107.3313
2095.1353	106.38847
2096.0964	106.3271
2097.0574	105.72366
2098.0186	106.84541
2098.9795	106.57093
2099.9407	106.94615
2100.9019	105.6541
2101.8628	106.97259
2102.824	105.86672
2103.7849	106.29046
2104.7461	105.46841
2105.7073	105.09407
2106.6682	105.26042
2107.6294	106.18238
2108.5903	107.91688
2109.5515	105.91376
2110.5127	104.66588
2111.4736	104.07837
2112.4348	103.89916
2113.3958	105.95213
2114.3569	106.75269
2115.3179	105.55332
2116.2791	104.63936
2117.2402	106.22373
2118.2012	104.88853
2119.1624	103.7671
2120.1233	104.7896
2121.0845	103.62736
2122.0457	103.01337
2123.0066	105.20937
2123.9678	103.31428
2124.9287	103.61797
2125.8899	104.71237
2126.8511	105.55421
2127.812	104.94158
2128.7732	103.8125
2129.7341	102.78346
2130.6953	105.16567
2131.6565	104.14991
2132.6174	100.92999
2133.5786	103.38162
2134.5396	103.39989
2135.5007	103.51527
2136.4619	102.86893
2137.4229	103.95433
2138.384	101.67437
2139.345	103.49123
2140.3062	103.91484
2141.2671	102.72245
2142.2283	105.12279
2143.1895	102.43217
2144.1504	104.45554
2145.1116	102.2039
2146.0725	103.24652
2147.0337	103.27203
2147.9949	101.84066
2148.9558	102.76338
2149.917	102.58937
2150.8779	101.90435
2151.8391	102.89155
2152.8003	101.40607
2153.7612	101.23158
2154.7224	103.01028
2155.6833	99.908875
2156.6445	101.35713
2157.6057	100.69485
2158.5667	103.42808
2159.5278	102.12019
2160.4888	102.5088
2161.45	100.5181
2162.4111	102.85714
2163.3721	100.26056
2164.3333	103.81107
2165.2942	100.31673
2166.2554	100.79882
2167.2163	101.5507
2168.1775	102.20116
2169.1387	102.12878
2170.0996	101.94177
2171.0608	102.01128
2172.0217	99.777763
2172.9829	101.52555
2173.9441	100.88087
2174.905	100.49319
2175.8662	100.76124
2176.8271	101.38595
2177.7883	99.777763
2178.7495	101.43581
2179.7104	101.16961
2180.6716	99.622818
2181.6326	99.961319
2182.5938	98.54068
2183.5549	99.184128
2184.5159	100.57082
2185.4771	100.46542
2186.438	99.736053
2187.3992	101.73073
2188.3601	100.00217
2189.3213	99.596184
2190.2825	100.4384
2191.2434	99.796768
2192.2046	99.070206
2193.1655	97.299789
2194.1267	99.507317
2195.0879	100.83144
2196.0488	98.990532
2197.01	98.05954
2197.9709	99.854805
2198.9321	100.01985
2199.8933	98.94323
2200.8542	98.745064
2201.8154	99.047638
2202.7764	99.78878
2203.7375	99.055359
2204.6987	98.70488
2205.6597	98.903748
2206.6208	98.893135
2207.5818	98.547806
2208.543	99.597343
2209.5042	98.52771
2210.4651	97.872177
2211.4263	98.485031
2212.3872	98.439476
2213.3484	99.568184
2214.3093	98.991943
2215.2705	98.84581
2216.2317	99.142868
2217.1926	98.396324
2218.1538	97.787498
2219.1147	98.119827
2220.0759	97.988365
2221.0371	97.899895
2221.998	97.961586
2222.9592	97.9245
2223.9202	98.883171
2224.8813	98.64563
2225.8425	98.564407
2226.8035	98.055817
2227.7646	97.982109
2228.7256	97.536903
2229.6868	96.850243
2230.6479	97.535957
2231.6089	96.878448
2232.5701	97.600014
2233.531	98.067085
2234.4922	97.272736
2235.4534	97.21505
2236.4143	97.021805
2237.3755	98.544647
2238.3364	97.771568
2239.2976	97.872505
2240.2585	97.299141
2241.2197	96.840141
2242.1809	96.613747
2243.1418	96.486435
2244.103	97.233047
2245.064	97.254929
2246.0251	97.178665
2246.9863	96.558762
2247.9473	96.334785
2248.9084	96.241135
2249.8694	95.406586
2250.8306	97.098343
2251.7917	96.403275
2252.7527	97.40123
2253.7139	96.114853
2254.6748	96.761528
2255.636	94.685936
2256.5972	95.404625
2257.5581	94.729736
2258.5193	96.415718
2259.4802	96.779579
2260.4414	95.916084
2261.4026	95.37075
2262.3635	95.942169
2263.3247	95.536285
2264.2856	96.308403
2265.2468	94.972702
2266.2078	96.95546
2267.1689	95.914803
2268.1301	96.048981
2269.0911	95.173485
2270.0522	94.835373
2271.0132	94.706352
2271.9744	94.774208
2272.9355	95.606903
2273.8965	94.336884
2274.8577	94.186249
2275.8186	94.578255
2276.7798	94.234772
2277.741	93.719429
2278.7019	94.233955
2279.6631	94.398331
2280.624	93.681679
2281.5852	93.369164
2282.5464	94.06694
2283.5073	94.370308
2284.4685	94.419762
2285.4294	93.244293
2286.3906	92.545357
2287.3518	94.042999
2288.3127	95.546318
2289.2739	92.65535
2290.2349	94.32576
2291.196	93.231033
2292.157	93.223167
2293.1182	94.049995
2294.0793	92.802284
2295.0403	93.686279
2296.0015	93.292595
2296.9624	94.056717
2297.9236	93.74453
2298.8848	94.309525
2299.8457	92.317604
2300.8069	92.892708
2301.7678	94.469719
2302.729	93.878792
2303.6902	93.81089
2304.6511	93.465553
2305.6123	93.246696
2306.5732	92.555588
2307.5344	93.357178
2308.4956	94.499817
2309.4565	92.971321
2310.4177	92.770233
2311.3787	93.753319
2312.3398	94.054665
2313.3008	92.63694
2314.262	92.364616
2315.2231	92.563507
2316.1841	92.857674
2317.1453	93.392776
2318.1062	92.104561
2319.0674	91.548912
2320.0286	92.372757
2320.9895	91.799248
2321.9507	93.406395
2322.9116	92.394165
2323.8728	92.281471
2324.834	90.76281
2325.7949	90.923134
2326.7561	91.466881
2327.717	91.594421
2328.6782	90.523323
2329.6394	91.725586
2330.6003	90.24649
2331.5615	90.218391
2332.5225	90.342239
2333.4836	89.171524
2334.4448	89.77018
2335.4058	90.752701
2336.3669	91.135498
2337.3279	92.80397
2338.2891	91.926453
2339.25	89.562889
2340.2112	91.336494
2341.1724	91.802452
2342.1333	90.327827
2343.0945	89.913765
2344.0554	89.191391
2345.0166	89.812866
2345.9778	89.652489
2346.9387	90.197853
2347.8999	90.25531
2348.8608	89.218185
2349.822	89.608841
2350.7832	89.98774
2351.7441	89.252457
2352.7053	89.348534
2353.6663	89.985519
2354.6274	89.768578
2355.5886	89.586502
2356.5496	89.97451
2357.5107	88.839638
2358.4717	88.928345
2359.4329	89.308792
2360.394	89.286362
2361.355	89.49823
2362.3162	91.123985
2363.2771	89.318535
2364.2383	89.365257
2365.1992	90.359589
2366.1604	91.388885
2367.1216	89.622421
2368.0825	88.583389
2369.0437	89.212677
2370.0046	89.659668
2370.9658	90.217278
2371.927	88.028618
2372.8879	88.503654
2373.8491	88.181992
2374.8101	89.844803
2375.7712	89.140579
2376.7324	88.894524
2377.6934	89.346321
2378.6545	89.319206
2379.6155	88.340034
2380.5767	88.161339
2381.5378	89.149986
2382.4988	89.65744
2383.46	89.111809
2384.4209	88.594818
2385.3821	89.636818
2386.3433	88.144547
2387.3042	88.905754
2388.2654	88.299606
2389.2263	86.896614
2390.1875	88.209877
2391.1484	89.779282
2392.1096	89.004051
2393.0708	88.006096
2394.0317	88.074692
2394.9929	87.704254
2395.9539	88.61554
2396.915	87.959648
2397.8762	86.640175
2398.8372	87.375107
2399.7983	87.634766
2400.7593	86.252625
2401.7205	86.878426
2402.6816	87.273796
2403.6426	86.588531
2404.6038	87.774284
2405.5647	88.180099
2406.5259	88.92807
2407.4871	88.141357
2408.448	85.871719
2409.4092	86.992157
2410.3701	87.08123
2411.3313	87.827499
2412.2925	85.98748
2413.2534	86.566734
2414.2146	87.471352
2415.1755	86.280823
2416.1367	86.643105
2417.0977	86.635963
2418.0588	85.628838
2419.02	86.392128
2419.981	85.581383
2420.9421	85.159042
2421.9031	85.168396
2422.8643	84.992912
2423.8254	85.811707
2424.7864	85.868614
2425.7476	84.75515
2426.7085	85.873589
2427.6697	85.740868
2428.6309	86.663712
2429.5918	86.852783
2430.553	86.557472
2431.5139	85.032745
2432.4751	84.837868
2433.4363	86.530556
2434.3972	85.220367
2435.3584	85.005714
2436.3193	85.001053
2437.2805	86.457886
2438.2415	85.756355
2439.2026	84.970749
2440.1638	85.112198
2441.1248	85.287354
2442.0859	85.443413
2443.0469	86.082191
2444.0081	85.449287
2444.9692	85.713104
2445.9302	85.563477
2446.8914	85.088326
2447.8523	83.315681
2448.8135	84.144119
2449.7747	84.698906
2450.7356	83.466583
2451.6968	86.202339
2452.6577	84.434715
2453.6189	84.226173
2454.5801	85.602585
2455.541	83.758659
2456.5022	84.399567
2457.4631	83.50631
2458.4243	84.061111
2459.3855	82.886955
2460.3464	83.549263
2461.3076	82.700226
2462.2686	83.394905
2463.2297	85.423279
2464.1907	84.506577
2465.1519	83.963661
2466.113	84.342117
2467.074	83.656105
2468.0352	83.321686
2468.9961	84.176163
2469.9573	84.048195
2470.9185	84.405357
2471.8794	82.978661
2472.8406	83.720886
2473.8015	81.869057
2474.7627	82.40181
2475.7239	83.723106
2476.6848	83.020943
2477.646	82.648277
2478.6069	82.072853
2479.5681	81.466896
2480.5293	81.380959
2481.4902	82.516441
2482.4514	81.921745
2483.4124	82.252884
2484.3735	83.151833
2485.3347	82.693756
2486.2957	82.161995
2487.2568	81.664856
2488.2178	83.834221
2489.179	83.807014
2490.1399	83.467613
2491.1011	83.329819
2492.0623	82.247719
2493.0232	80.971085
2493.9844	80.930061
2494.9453	81.758514
2495.9065	83.017464
2496.8677	82.680481
2497.8286	83.184921
2498.7898	81.959564
2499.7507	82.004883
2500.7119	83.422188
2501.6731	83.263832
2502.634	82.421013
2503.5952	82.312988
2504.5562	81.744339
2505.5173	81.353943
2506.4785	80.513802
2507.4395	81.862991
2508.4006	81.461304
2509.3616	82.15979
2510.3228	82.116058
2511.2839	81.494987
2512.2449	80.659332
2513.2061	80.588463
2514.167	81.030174
2515.1282	81.104919
2516.0891	80.865326
2517.0503	81.970345
2518.0115	80.441666
2518.9724	82.351112
2519.9336	82.773354
2520.8945	80.110161
2521.8557	81.336922
2522.8169	80.52739
2523.7778	79.784523
2524.739	79.3741
2525.7	80.455788
2526.6611	80.578339
2527.6223	80.977905
2528.5833	80.641235
2529.5444	80.557663
2530.5054	79.744072
2531.4666	79.87883
2532.4277	80.155289
2533.3887	77.841866
2534.3499	80.577797
2535.3108	80.771523
2536.272	79.392632
2537.2332	80.703392
2538.1941	78.497032
2539.1553	78.87603
2540.1162	78.472649
2541.0774	78.740616
2542.0383	79.945602
2542.9995	80.811699
2543.9607	80.025436
2544.9216	78.682686
2545.8828	80.201408
2546.8438	79.151871
2547.8049	78.59346
2548.7661	78.365089
2549.7271	78.25808
2550.6882	80.325989
2551.6492	78.105827
2552.6104	77.863731
2553.5715	77.771858
2554.5325	78.18734
2555.4937	78.87561
2556.4546	79.672424
2557.4158	78.246628
2558.377	77.26503
2559.3379	77.861275
2560.2991	79.450775
2561.26	77.676109
2562.2212	78.37352
2563.1821	77.85936
2564.1433	77.263786
2565.1045	79.129509
2566.0654	78.125374
2567.0266	77.48912
2567.9875	78.022835
2568.9487	77.747017
2569.9099	78.18013
2570.8708	77.636429
2571.832	78.153885
2572.793	79.220894
2573.7542	78.669289
2574.7153	78.26226
2575.6763	78.340103
2576.6375	77.437775
2577.5984	77.449638
2578.5596	76.874222
2579.5208	76.834053
2580.4817	76.303459
2581.4429	76.827232
2582.4038	76.271004
2583.365	76.224625
2584.3262	76.517334
2585.2871	76.603088
2586.2483	77.508675
2587.2092	77.679802
2588.1704	75.701309
2589.1313	75.414421
2590.0925	75.44577
2591.0537	78.125069
2592.0146	77.121788
2592.9758	75.038971
2593.9368	77.000313
2594.8979	76.602493
2595.8591	77.371048
2596.8201	76.823044
2597.7813	76.361855
2598.7422	76.730339
2599.7034	76.928085
2600.6646	74.970627
2601.6255	76.59391
2602.5867	75.430969
2603.5476	75.885086
2604.5088	74.999535
2605.47	74.422394
2606.4309	75.187943
2607.3921	75.881744
2608.353	76.425369
2609.3142	76.371155
2610.2754	75.625626
2611.2363	75.061432
2612.1975	75.209503
2613.1584	75.102356
2614.1196	76.05526
2615.0806	75.932518
2616.0417	76.811234
2617.0029	74.79007
2617.9639	75.432205
2618.925	75.641411
2619.886	75.426308
2620.8472	75.787544
2621.8083	75.441833
2622.7693	74.735939
2623.7305	74.04097
2624.6914	75.191498
2625.6526	75.80584
2626.6138	73.925774
2627.5747	76.48085
2628.5359	75.721306
2629.4968	72.98455
2630.458	73.186958
2631.4192	74.324432
2632.3801	74.190773
2633.3413	75.355141
2634.3022	74.689941
2635.2634	74.500763
2636.2246	73.27179
2637.1855	74.201385
2638.1467	74.70208
2639.1077	74.388641
2640.0688	76.227463
2641.0298	74.5924
2641.991	74.606171
2642.9521	73.558266
2643.9131	73.732224
2644.8743	73.321075
2645.8352	73.451317
2646.7964	73.470413
2647.7576	73.565529
2648.7185	73.228088
2649.6797	73.643509
2650.6406	72.632332
2651.6018	73.138451
2652.563	73.582367
2653.5239	73.489586
2654.4851	72.300934
2655.446	71.756889
2656.4072	73.135681
2657.3684	72.995461
2658.3293	73.602699
2659.2905	72.53196
2660.2515	72.228043
2661.2126	72.483017
2662.1738	74.038071
2663.1348	72.717049
2664.0959	73.522667
2665.0569	73.864479
2666.0181	72.37719
2666.979	71.322006
2667.9402	72.740402
2668.9014	73.420509
2669.8623	73.112068
2670.8235	71.769859
2671.7844	72.657478
2672.7456	72.665146
2673.7068	72.044914
2674.6677	72.343971
2675.6289	71.228058
2676.5898	70.896011
2677.551	71.452538
2678.5122	70.679962
2679.4731	72.533913
2680.4343	71.720695
2681.3953	72.671356
2682.3564	72.242157
2683.3176	72.370552
2684.2786	70.368759
2685.2397	71.211861
2686.2007	71.013062
2687.1619	71.678749
2688.1228	71.810371
2689.084	71.035591
2690.0452	70.979347
2691.0061	69.794159
2691.9673	70.742737
2692.9282	71.134789
2693.8894	70.181252
2694.8506	71.254105
2695.8115	72.141495
2696.7727	71.145248
2697.7336	72.540443
2698.6948	71.97438
2699.656	70.509491
2700.6169	70.233131
2701.5781	71.163475
2702.5391	71.438789
2703.5002	70.388283
2704.4614	69.889526
2705.4224	70.450134
2706.3835	70.638062
2707.3445	70.201408
2708.3057	70.175369
2709.2668	69.452538
2710.2278	69.337502
2711.189	70.482796
2712.1499	70.067192
2713.1111	71.039886
2714.072	70.732292
2715.0332	70.212051
2715.9944	68.784431
2716.9553	70.088417
2717.9165	69.011803
2718.8774	69.077522
2719.8386	70.39418
2720.7998	70.549881
2721.7607	70.411736
2722.7219	69.903847
2723.6829	69.498344
2724.644	70.081841
2725.6052	69.959358
2726.5662	69.773628
2727.5273	70.328888
2728.4883	69.694397
2729.4495	68.777031
2730.4106	69.553917
2731.3716	69.936172
2732.3328	70.230629
2733.2937	69.045723
2734.2549	69.332932
2735.2161	69.160446
2736.177	68.495102
2737.1382	68.407509
2738.0991	68.547867
2739.0603	68.75502
2740.0212	68.277756
2740.9824	68.039894
2741.9436	68.168945
2742.9045	68.625275
2743.8657	68.098099
2744.8267	67.855118
2745.7878	68.497406
2746.749	68.880836
2747.71	69.830696
2748.6711	69.201805
2749.6321	69.05542
2750.5933	68.753403
2751.5544	68.619614
2752.5154	66.849457
2753.4766	67.080284
2754.4375	66.610039
2755.3987	68.076889
2756.3599	68.731987
2757.3208	68.462677
2758.282	67.639633
2759.2429	67.15374
2760.2041	67.676872
2761.1653	67.981743
2762.1262	68.148529
2763.0874	67.245827
2764.0483	66.694443
2765.0095	67.892601
2765.9705	67.940201
2766.9316	67.473389
2767.8928	68.166794
2768.8538	68.911987
2769.8149	67.704002
2770.7759	67.550987
2771.7371	67.524818
2772.6982	66.929855
2773.6592	68.284172
2774.6204	67.25901
2775.5813	67.392822
2776.5425	67.977951
2777.5037	67.192924
2778.4646	67.633003
2779.4258	67.347008
2780.3867	66.586182
2781.3479	66.249283
2782.3091	67.005264
2783.27	67.691261
2784.2312	66.515823
2785.1921	66.728508
2786.1533	66.147484
2787.1145	66.307678
2788.0754	66.449387
2789.0366	66.576408
2789.9976	66.287682
2790.9587	66.270554
2791.9197	66.39724
2792.8809	66.715797
2793.842	66.622658
2794.803	66.197777
2795.7642	66.218903
2796.7251	65.791595
2797.6863	66.330704
2798.6475	66.846024
2799.6084	66.730705
2800.5696	66.232155
2801.5305	66.072784
2802.4917	65.320389
2803.4529	65.507133
2804.4138	65.758751
2805.375	65.093773
2806.3359	66.053635
2807.2971	65.743134
2808.2583	65.695671
2809.2192	65.623581
2810.1804	65.486992
2811.1414	65.469551
2812.1025	64.588112
2813.0635	65.074593
2814.0247	65.221771
2814.9858	65.228195
2815.9468	66.022568
2816.908	64.696648
2817.8689	64.465286
2818.8301	64.457535
2819.7913	64.621506
2820.7522	64.05101
2821.7134	64.283394
2822.6743	64.596619
2823.6355	64.636841
2824.5967	64.272102
2825.5576	63.45853
2826.5188	65.02874
2827.4797	64.871094
2828.4409	64.009628
2829.4021	63.537487
2830.363	64.25209
2831.3242	64.709877
2832.2852	64.482338
2833.2463	64.16581
2834.2075	63.811932
2835.1685	63.254948
2836.1296	64.582092
2837.0906	64.262054
2838.0518	64.206116
2839.0127	64.154503
2839.9739	63.789703
2840.9351	63.213131
2841.896	63.333973
2842.8572	64.261627
2843.8181	63.198635
2844.7793	64.602531
2845.7405	63.575188
2846.7014	63.339909
2847.6626	63.513271
2848.6235	64.128265
2849.5847	63.924973
2850.5459	63.208843
2851.5068	63.114334
2852.468	62.91758
2853.429	63.482716
2854.3901	63.232834
2855.3513	63.337006
2856.3123	62.612675
2857.2734	63.653946
2858.2344	65.099533
2859.1956	63.11422
2860.1567	62.342514
2861.1177	63.839832
2862.0789	61.941113
2863.0398	63.636047
2864.001	64.07724
2864.9619	63.572891
2865.9231	61.870899
2866.8843	61.670704
2867.8452	62.862129
2868.8064	61.896557
2869.7673	62.181713
2870.7285	61.328583
2871.6897	63.280777
2872.6506	62.379417
2873.6118	61.59724
2874.5728	62.6842
2875.5339	63.284084
2876.4951	62.304825
2877.4561	61.805016
2878.4172	62.058582
2879.3782	61.881145
2880.3394	63.011642
2881.3005	62.025158
2882.2615	61.893349
2883.2227	61.26091
2884.1836	61.787365
2885.1448	62.305729
2886.106	61.427006
2887.0669	61.23159
2888.0281	61.718555
2888.989	62.069298
2889.9502	61.611164
2890.9111	60.633255
2891.8723	60.8255
2892.8335	62.69553
2893.7944	61.473953
2894.7556	61.578663
2895.7166	61.30101
2896.6777	60.959415
2897.6389	60.692513
2898.5999	61.415207
2899.561	61.687889
2900.522	61.340389
2901.4832	60.674549
2902.4443	62.222416
2903.4053	60.887215
2904.3665	60.525928
2905.3274	60.562595
2906.2886	60.097286
2907.2498	60.59988
2908.2107	59.63097
2909.1719	60.435551
2910.1328	59.874504
2911.094	60.634293
2912.0552	60.723312
2913.0161	60.571877
2913.9773	59.730755
2914.9382	59.859493
2915.8994	59.389751
2916.8604	58.965832
2917.8215	59.215496
2918.7827	59.926346
2919.7437	60.141228
2920.7048	59.602901
2921.6658	60.022388
2922.627	58.24736
2923.5881	58.99152
2924.5491	58.59787
2925.5103	58.124664
2926.4712	58.541462
2927.4324	58.595139
2928.3936	59.632698
2929.3545	58.7272
2930.3157	59.030582
2931.2766	58.25898
2932.2378	58.6693
2933.199	58.328907
2934.1599	59.297611
2935.1211	59.384148
2936.082	59.09964
2937.0432	59.695854
2938.0042	59.564499
2938.9653	59.198154
2939.9265	58.43354
2940.8875	59.609608
2941.8486	58.127281
2942.8096	57.44912
2943.7708	57.98085
2944.7319	58.867741
2945.6929	59.709774
2946.6541	57.994019
2947.615	59.240299
2948.5762	57.795921
2949.5374	56.833118
2950.4983	57.838428
2951.4595	58.069145
2952.4204	57.28566
2953.3816	57.585396
2954.3428	56.872845
2955.3037	57.735161
2956.2649	57.711006
2957.2258	56.852219
2958.187	57.765274
2959.1482	57.71172
2960.1091	57.648426
2961.0703	57.891933
2962.0313	57.70372
2962.9924	56.54929
2963.9534	56.706467
2964.9146	57.458191
2965.8757	57.702854
2966.8367	57.505623
2967.7979	56.66222
2968.7588	57.669556
2969.72	56.885612
2970.6812	57.356758
2971.6421	58.213993
2972.6033	56.8522
2973.5642	56.724792
2974.5254	56.648262
2975.4866	55.008133
2976.4475	56.68697
2977.4087	56.582306
2978.3696	56.889957
2979.3308	56.39719
2980.292	57.230415
2981.2529	56.486511
2982.2141	55.836906
2983.175	56.973202
2984.1362	57.191486
2985.0974	56.696495
2986.0583	55.964424
2987.0195	55.531887
2987.9805	55.892818
2988.9417	54.770473
2989.9026	55.180325
2990.8638	54.20314
2991.825	55.977852
2992.7859	56.593239
2993.7471	55.846939
2994.708	55.580833
2995.6692	56.529037
2996.6304	56.759914
2997.5913	56.01355
2998.5525	55.134552
2999.5134	56.107952
3000.4746	56.072052
3001.4358	55.540333
3002.3967	54.122772
3003.3579	53.620426
3004.3188	54.250793
3005.28	54.707947
3006.2412	55.172802
3007.2021	56.391685
3008.1633	54.849213
3009.1243	54.89352
3010.0854	54.938152
3011.0466	55.35358
3012.0076	55.486053
3012.9688	55.106289
3013.9297	54.028458
3014.8909	55.149277
3015.8518	55.999561
3016.813	54.45055
3017.7742	54.768745
3018.7351	54.38905
3019.6963	54.528305
3020.6572	54.071747
3021.6184	53.685127
3022.5796	53.984268
3023.5405	54.274384
3024.5017	54.43367
3025.4626	53.484268
3026.4238	53.628723
3027.385	54.858131
3028.3459	53.680428
3029.3071	53.954193
3030.2681	54.404518
3031.2292	54.408207
3032.1904	54.508156
3033.1514	53.941738
3034.1125	53.446312
3035.0735	54.310768
3036.0347	53.091904
3036.9958	53.298512
3037.9568	53.419735
3038.918	53.392189
3039.8789	53.794762
3040.8401	53.066063
3041.801	52.730701
3042.7622	53.484112
3043.7234	53.732395
3044.6843	52.308235
3045.6455	54.130718
3046.6064	52.981983
3047.5676	53.434803
3048.5288	52.739269
3049.4897	52.274994
3050.4509	52.516331
3051.4119	53.743145
3052.373	52.482578
3053.3342	52.166122
3054.2952	51.84288
3055.2563	52.597954
3056.2173	52.733643
3057.1785	51.984215
3058.1396	51.683537
3059.1006	52.719246
3060.0618	51.488972
3061.0227	52.402027
3061.9839	52.677399
3062.9448	52.71719
3063.906	52.666122
3064.8672	50.611588
3065.8281	52.13303
3066.7893	52.959946
3067.7502	51.889404
3068.7114	52.187641
3069.6726	51.203556
3070.6335	51.240124
3071.5947	51.439293
3072.5557	51.758244
3073.5168	51.033978
3074.478	51.945839
3075.439	52.005219
3076.4001	52.427425
3077.3611	51.551708
3078.3223	51.399841
3079.2834	51.07814
3080.2444	51.608612
3081.2056	51.809547
3082.1665	51.083218
3083.1277	49.917095
3084.0889	50.135117
3085.0498	50.986141
3086.011	51.023201
3086.9719	52.008675
3087.9331	52.06496
3088.894	50.355175
3089.8552	51.306011
3090.8164	50.727459
3091.7773	51.805794
3092.7385	50.790115
3093.6995	50.412651
3094.6606	50.300179
3095.6218	50.445663
3096.5828	50.802189
3097.5439	50.16584
3098.5049	50.440453
3099.4661	50.659744
3100.4272	49.740829
3101.3882	49.621666
3102.3494	50.34066
3103.3103	50.347843
3104.2715	50.381878
3105.2327	51.687172
3106.1936	49.319473
3107.1548	49.406986
3108.1157	49.91608
3109.0769	49.792252
3110.0381	50.349037
3110.999	50.472256
3111.9602	50.991249
3112.9211	50.922916
3113.8823	50.294659
3114.8433	49.160061
3115.8044	49.126419
3116.7656	49.367043
3117.7266	49.407097
3118.6877	49.760571
3119.6487	49.947727
3120.6099	49.068378
3121.571	49.426689
3122.532	50.472992
3123.4932	49.606709
3124.4541	50.273258
3125.4153	50.334549
3126.3765	49.342384
3127.3374	49.148003
3128.2986	48.952911
3129.2595	49.427948
3130.2207	48.736919
3131.1819	49.161045
3132.1428	48.930912
3133.104	49.495773
3134.0649	48.869495
3135.0261	50.397705
3135.9873	49.213673
3136.9482	48.994934
3137.9094	48.267811
3138.8704	48.726051
3139.8315	47.623001
3140.7925	49.607639
3141.7537	48.253212
3142.7148	47.9846
3143.6758	48.576809
3144.637	48.349537
3145.5979	48.467247
3146.5591	48.041882
3147.5203	48.152107
3148.4812	47.475697
3149.4424	47.382103
3150.4033	47.466164
3151.3645	47.727371
3152.3257	47.977051
3153.2866	47.775818
3154.2478	48.15062
3155.2087	48.071148
3156.1699	46.724998
3157.1311	47.568127
3158.092	48.35944
3159.0532	48.192692
3160.0142	47.603348
3160.9753	46.810509
3161.9365	47.230927
3162.8975	47.816021
3163.8586	47.283192
3164.8196	46.946198
3165.7808	46.460342
3166.7417	47.18285
3167.7029	46.982712
3168.6641	47.076626
3169.625	46.902424
3170.5862	47.129498
3171.5471	47.95731
3172.5083	46.896034
3173.4695	46.378151
3174.4304	47.485523
3175.3916	47.586323
3176.3525	47.319389
3177.3137	46.857853
3178.2749	46.18338
3179.2358	45.959534
3180.197	46.502384
3181.158	47.149368
3182.1191	46.139412
3183.0803	47.218132
3184.0413	46.913624
3185.0024	46.274837
3185.9634	46.897648
3186.9246	46.833408
3187.8855	46.222191
3188.8467	46.982101
3189.8079	46.561417
3190.7688	46.79575
3191.73	47.152206
3192.6909	45.670475
3193.6521	46.010029
3194.6133	46.336407
3195.5742	45.979416
3196.5354	46.2897
3197.4963	46.538895
3198.4575	46.796947
3199.4187	46.359875
3200.3796	44.926727
3201.3408	45.31324
3202.3018	45.464951
3203.2629	46.198837
3204.2241	45.389435
3205.1851	45.645832
3206.1462	45.768036
3207.1072	45.124218
3208.0684	44.920261
3209.0295	44.827698
3209.9905	45.852127
3210.9517	45.795761
3211.9126	45.922218
3212.8738	45.877617
3213.8347	45.220417
3214.7959	45.843628
3215.7571	45.34951
3216.718	45.950764
3217.6792	45.161461
3218.6401	45.378983
3219.6013	44.884491
3220.5625	44.934303
3221.5234	44.731659
3222.4846	44.730377
3223.4456	44.752808
3224.4067	46.362274
3225.3679	44.155308
3226.3289	44.263229
3227.29	44.923515
3228.251	45.270252
3229.2122	44.729099
3230.1733	46.005573
3231.1343	43.906441
3232.0955	44.574165
3233.0564	45.608459
3234.0176	45.076107
3234.9788	43.30151
3235.9397	44.327385
3236.9009	44.956196
3237.8618	44.331665
3238.823	44.540482
3239.7839	45.718948
3240.7451	43.510098
3241.7063	43.928379
3242.6672	44.087502
3243.6284	43.661888
3244.5894	43.16457
3245.5505	44.390701
3246.5117	44.011044
3247.4727	43.118809
3248.4338	44.267235
3249.3948	44.66259
3250.356	43.881084
3251.3171	44.192364
3252.2781	42.725643
3253.2393	43.643833
3254.2002	44.844601
3255.1614	43.463295
3256.1226	43.260506
3257.0835	42.394646
3258.0447	43.061348
3259.0056	43.447361
3259.9668	42.169876
3260.928	42.685463
3261.8889	43.144444
3262.8501	43.823002
3263.811	42.992462
3264.7722	43.542038
3265.7332	43.514938
3266.6943	43.341015
3267.6555	42.839943
3268.6165	43.323437
3269.5776	42.839878
3270.5386	43.252052
3271.4998	42.611889
3272.4609	42.088699
3273.4219	42.286873
3274.3831	43.382164
3275.344	42.818462
3276.3052	43.197044
3277.2664	42.637787
3278.2273	42.266338
3279.1885	42.279751
3280.1494	42.257961
3281.1106	43.056805
3282.0718	43.000504
3283.0327	42.859833
3283.9939	42.188461
3284.9548	43.320847
3285.916	41.146996
3286.8772	41.659054
3287.8381	41.545673
3288.7993	41.11414
3289.7603	41.376637
3290.7214	41.473248
3291.6824	41.630833
3292.6436	41.641373
3293.6047	41.183277
3294.5657	41.143627
3295.5269	41.847523
3296.4878	41.851246
3297.449	41.55262
3298.4102	41.283401
3299.3711	41.080509
3300.3323	41.353439
3301.2932	41.59016
3302.2544	41.206093
3303.2156	40.450737
3304.1765	41.084278
3305.1377	41.057983
3306.0986	41.711021
3307.0598	41.026031
3308.021	40.178619
3308.9819	41.393181
3309.9431	40.993633
3310.9041	41.713135
3311.8652	40.051304
3312.8262	40.818672
3313.7874	41.167927
3314.7485	40.830799
3315.7095	41.310642
3316.6707	40.968266
3317.6316	40.584187
3318.5928	40.543934
3319.554	40.257904
3320.5149	40.024391
3321.4761	40.877628
3322.437	40.54018
3323.3982	40.297527
3324.3594	39.804031
3325.3203	40.736778
3326.2815	40.971973
3327.2424	40.573715
3328.2036	40.496613
3329.1648	39.950401
3330.1257	39.646511
3331.0869	39.317032
3332.0479	39.722885
3333.009	39.193481
3333.9702	39.721615
3334.9312	39.458557
3335.8923	39.954338
3336.8533	39.972149
3337.8145	40.237469
3338.7754	40.349781
3339.7366	39.49308
3340.6978	40.034149
3341.6587	39.611706
3342.6199	39.775005
3343.5808	39.742275
3344.542	41.415928
3345.5032	39.159565
3346.4641	40.136536
3347.4253	39.761353
3348.3862	39.442265
3349.3474	39.216621
3350.3086	39.315071
3351.2695	39.608837
3352.2307	39.181606
3353.1917	39.863663
3354.1528	39.371384
3355.114	38.965065
3356.075	39.334293
3357.0361	40.064415
3357.9971	39.730499
3358.9583	38.844887
3359.9194	39.102062
3360.8804	39.140133
3361.8416	38.770229
3362.8025	39.032635
3363.7637	39.882122
3364.7246	39.142097
3365.6858	38.980831
3366.647	38.738857
3367.6079	38.213963
3368.5691	39.067886
3369.53	37.515804
3370.4912	39.212158
3371.4524	38.777767
3372.4133	38.0354
3373.3745	37.943241
3374.3354	38.795422
3375.2966	37.632423
3376.2578	38.505745
3377.2188	38.251942
3378.1799	38.344204
3379.1409	36.975449
3380.1021	38.599823
3381.0632	38.044678
3382.0242	37.534801
3382.9854	38.562622
3383.9463	38.791515
3384.9075	37.723652
3385.8687	38.16671
3386.8296	38.225151
3387.7908	37.944252
3388.7517	38.571213
3389.7129	38.492863
3390.6738	37.800594
3391.635	38.120628
3392.5962	37.683918
3393.5571	37.415943
3394.5183	37.606476
3395.4792	37.494083
3396.4404	37.139786
3397.4016	37.05254
3398.3625	37.66354
3399.3237	38.115307
3400.2847	36.696529
3401.2458	37.978683
3402.207	37.630451
3403.168	37.889587
3404.1292	37.752007
3405.0901	37.425117
3406.0513	37.038727
3407.0125	37.437519
3407.9734	37.620708
3408.9346	36.448605
3409.8955	37.292835
3410.8567	36.965939
3411.8179	37.516781
3412.7788	37.284466
3413.74	36.729168
3414.7009	37.284786
3415.6621	37.550995
3416.623	37.148464
3417.5842	36.766289
3418.5454	36.643036
3419.5063	35.894184
3420.4675	36.41634
3421.4285	37.188915
3422.3896	36.706802
3423.3508	37.300415
3424.3118	36.99931
3425.2729	36.814453
3426.2339	37.461651
3427.1951	36.799679
3428.1563	36.64621
3429.1172	37.193501
3430.0784	36.32766
3431.0393	36.520672
3432.0005	37.172192
3432.9617	36.630211
3433.9226	36.485085
3434.8838	35.972439
3435.8447	35.872074
3436.8059	36.613895
3437.7668	36.908745
3438.728	35.592529
3439.6892	36.134171
3440.6501	36.513966
3441.6113	37.012379
3442.5723	35.834541
3443.5334	35.910233
3444.4946	35.785213
3445.4556	35.493435
3446.4167	35.275753
3447.3777	35.871269
3448.3389	35.722748
3449.3	36.069897
3450.261	35.99725
3451.2222	35.884403
3452.1831	35.110298
3453.1443	35.979969
3454.1055	35.256187
3455.0664	35.903896
3456.0276	36.000793
3456.9885	35.576626
3457.9497	35.517529
3458.9109	34.97102
3459.8718	35.878025
3460.833	35.224072
3461.7939	35.162228
3462.7551	35.203922
3463.7161	35.551685
3464.6772	35.084343
3465.6384	34.891697
3466.5994	35.147945
3467.5605	35.131321
3468.5215	34.86224
3469.4827	35.704372
3470.4438	34.442699
3471.4048	35.258888
3472.366	34.869217
3473.3269	35.071323
3474.2881	35.185871
3475.2493	34.269279
3476.2102	34.129353
3477.1714	35.078255
3478.1323	34.830116
3479.0935	34.966492
3480.0547	34.695847
3481.0156	34.017326
3481.9768	35.107929
3482.9377	34.39711
3483.8989	34.267151
3484.8601	34.306629
3485.821	34.462975
3486.7822	34.617382
3487.7432	34.504143
3488.7043	35.39146
3489.6653	34.105858
3490.6265	34.172623
3491.5876	34.516796
3492.5486	34.463249
3493.5098	34.331348
3494.4707	32.896553
3495.4319	33.6413
3496.3931	33.834122
3497.354	34.317467
3498.3152	34.158428
3499.2761	32.975647
3500.2373	33.66275
3501.1985	33.656429
3502.1594	33.957279
3503.1206	34.042629
3504.0815	33.334267
3505.0427	34.41711
3506.0039	33.882435
3506.9648	33.374241
3507.926	32.993431
3508.887	33.102409
3509.8481	33.55904
3510.8093	33.273964
3511.7703	33.459599
3512.7314	32.926872
3513.6924	33.408138
3514.6536	32.664249
3515.6145	33.158104
3516.5757	32.316513
3517.5369	33.076401
3518.4978	32.633739
3519.459	33.182304
3520.4199	33.183502
3521.3811	32.371456
3522.3423	32.615524
3523.3032	33.773819
3524.2644	33.557613
3525.2253	32.08226
3526.1865	32.291527
3527.1477	32.663174
3528.1086	32.733311
3529.0698	32.2836
3530.0308	32.093384
3530.9919	32.695786
3531.9531	32.912155
3532.9141	32.342377
3533.8752	32.898216
3534.8362	33.155567
3535.7974	32.342434
3536.7585	31.603474
3537.7195	31.081985
3538.6807	32.220894
3539.6416	32.527004
3540.6028	32.873581
3541.5637	32.495007
3542.5249	33.141514
3543.4861	32.533306
3544.447	31.708069
3545.4082	32.088779
3546.3691	31.889967
3547.3303	31.358814
3548.2915	32.433426
3549.2524	31.761171
3550.2136	32.014294
3551.1746	31.405956
3552.1357	32.669724
3553.0969	31.459665
3554.0579	32.194611
3555.019	31.386354
3555.98	32.218014
3556.9412	31.556959
3557.9023	32.44696
3558.8633	31.564882
3559.8245	32.306347
3560.7854	31.526623
3561.7466	31.254639
3562.7075	31.37277
3563.6687	31.398895
3564.6299	30.695059
3565.5908	30.897554
3566.552	30.779863
3567.5129	31.242779
3568.4741	31.165714
3569.4353	30.487019
3570.3962	31.909166
3571.3574	31.133524
3572.3184	30.864433
3573.2795	31.345911
3574.2407	31.28558
3575.2017	30.847271
3576.1628	30.924147
3577.1238	30.757839
3578.085	30.567698
3579.0461	31.725878
3580.0071	30.815311
3580.9683	30.702131
3581.9292	30.792362
3582.8904	31.279972
3583.8516	30.569855
3584.8125	30.391972
3585.7737	30.376085
3586.7346	31.20516
3587.6958	30.381521
3588.6567	29.754007
3589.6179	31.364393
3590.5791	30.905304
3591.54	29.763702
3592.5012	30.263245
3593.4622	31.060812
3594.4233	30.139528
3595.3845	30.363602
3596.3455	30.203741
3597.3066	29.748175
3598.2676	30.303516
3599.2288	30.001541
3600.1899	29.496241
3601.1509	30.492348
3602.1121	29.28871
3603.073	29.023607
3604.0342	29.322445
3604.9954	29.332258
3605.9563	29.970676
3606.9175	29.936459
3607.8784	30.74991
3608.8396	29.865173
3609.8008	28.90111
3610.7617	30.919744
3611.7229	29.741695
3612.6838	29.313406
3613.645	30.071884
3614.606	29.082487
3615.5671	29.911972
3616.5283	29.763039
3617.4893	29.183634
3618.4504	28.410475
3619.4114	28.981596
3620.3726	29.101971
3621.3337	29.534723
3622.2947	29.173374
3623.2559	29.190655
3624.2168	29.183826
3625.178	29.698843
3626.1392	30.293512
3627.1001	29.541851
3628.0613	27.874462
3629.0222	28.815279
3629.9834	28.614693
3630.9446	29.377897
3631.9055	29.431385
3632.8667	29.49033
3633.8276	29.174938
3634.7888	29.466646
3635.75	28.319086
3636.7109	28.752357
3637.6721	28.711853
3638.6331	28.132948
3639.5942	28.123325
3640.5552	28.072773
3641.5164	27.768373
3642.4775	28.317287
3643.4385	28.26156
3644.3997	27.907156
3645.3606	28.779512
3646.3218	28.226149
3647.283	28.458693
3648.2439	27.946947
3649.2051	29.336702
3650.166	28.247181
3651.1272	27.427736
3652.0884	27.975899
3653.0493	28.14389
3654.0105	27.830368
3654.9714	27.593168
3655.9326	29.300207
3656.8938	27.013231
3657.8547	27.452963
3658.8159	27.239838
3659.7769	27.738443
3660.738	27.545116
3661.6992	27.913107
3662.6602	28.893764
3663.6213	28.088476
3664.5823	27.619677
3665.5435	28.231768
3666.5044	27.572416
3667.4656	27.776909
3668.4268	27.818789
3669.3877	27.23662
3670.3489	27.765987
3671.3098	27.314741
3672.271	27.32695
3673.2322	26.645111
3674.1931	27.590511
3675.1543	28.962944
3676.1152	27.530745
3677.0764	26.689764
3678.0376	27.659208
3678.9985	27.424429
3679.9597	26.769207
3680.9207	26.583191
3681.8818	26.860544
3682.843	26.750608
3683.804	28.054934
3684.7651	26.890942
3685.7261	27.298721
3686.6873	27.155113
3687.6482	26.962212
3688.6094	26.935949
3689.5706	26.999367
3690.5315	28.445507
3691.4927	26.550737
3692.4536	26.988115
3693.4148	26.897926
3694.376	27.078909
3695.3369	27.391417
3696.2981	26.951242
3697.259	26.11174
3698.2202	28.220961
3699.1814	27.435623
3700.1423	26.91806
3701.1035	27.157797
3702.0645	27.067678
3703.0256	26.51029
3703.9868	26.825384
3704.9478	26.013491
3705.9089	25.374456
3706.8699	26.804985
3707.8311	25.826809
3708.7922	26.552057
3709.7532	26.787912
3710.7144	26.813646
3711.6753	26.784971
3712.6365	25.99843
3713.5974	26.063543
3714.5586	26.153955
3715.5198	26.287298
3716.4807	26.115942
3717.4419	26.417309
3718.4028	26.419495
3719.364	25.985302
3720.3252	24.555632
3721.2861	26.294834
3722.2473	25.765806
3723.2083	25.109678
3724.1694	26.991875
3725.1306	25.810926
3726.0916	25.608175
3727.0527	25.859022
3728.0137	25.78405
3728.9749	25.980112
3729.936	26.284388
3730.897	26.14031
3731.8582	26.017488
3732.8191	26.153715
3733.7803	24.877705
3734.7415	25.750019
3735.7024	26.207193
3736.6636	25.644337
3737.6245	25.988449
3738.5857	25.313686
3739.5466	25.423986
3740.5078	25.017338
3741.469	25.178665
3742.4299	24.818081
3743.3911	25.849186
3744.3521	25.567179
3745.3132	24.720522
3746.2744	25.711432
3747.2354	25.964373
3748.1965	24.556736
3749.1575	24.577665
3750.1187	25.333967
3751.0798	24.777924
3752.0408	25.802692
3753.002	24.640783
3753.9629	23.896601
3754.9241	24.443993
3755.8853	24.499863
3756.8462	24.693102
3757.8074	24.612711
3758.7683	24.904318
3759.7295	24.681406
3760.6907	24.692322
3761.6516	24.582264
3762.6128	24.622957
3763.5737	24.970963
3764.5349	24.53503
3765.4958	24.973356
3766.457	25.171251
3767.4182	25.414896
3768.3792	24.955872
3769.3403	24.119576
3770.3013	24.544094
3771.2625	24.663271
3772.2236	25.269722
3773.1846	25.204765
3774.1458	25.050566
3775.1067	24.694204
3776.0679	25.322643
3777.0291	24.288616
3777.99	24.321022
3778.9512	24.653791
3779.9121	23.812342
3780.8733	23.609688
3781.8345	24.523003
3782.7954	22.9471
3783.7566	23.819475
3784.7175	24.337822
3785.6787	24.446314
3786.6399	23.718351
3787.6008	24.326406
3788.562	24.502514
3789.5229	23.760309
3790.4841	22.599222
3791.4451	22.960167
3792.4063	24.002146
3793.3674	23.629242
3794.3284	24.712467
3795.2896	23.973036
3796.2505	23.709429
3797.2117	23.550037
3798.1729	24.253649
3799.1338	24.110903
3800.095	23.437006
3801.0559	23.777891
3802.0171	24.40189
3802.9783	23.032677
3803.9392	23.668583
3804.9004	23.364178
3805.8613	22.635515
3806.8225	23.213165
3807.7837	23.43026
3808.7446	22.901512
3809.7058	23.743578
3810.6667	23.614605
3811.6279	24.408154
3812.5889	24.556877
3813.55	23.131424
3814.5112	23.31118
3815.4722	23.692135
3816.4333	23.788858
3817.3943	23.140295
3818.3555	23.920595
3819.3167	23.032282
3820.2776	22.956383
3821.2388	22.11421
3822.1997	22.637033
3823.1609	23.395306
3824.1221	23.461382
3825.083	23.154667
3826.0442	23.214455
3827.0051	23.099913
3827.9663	23.10528
3828.9275	23.254547
3829.8884	22.792313
3830.8496	22.756128
3831.8105	22.657887
3832.7717	23.063723
3833.7329	22.119787
3834.6938	23.022181
3835.655	22.83618
3836.616	23.400215
3837.5771	22.245262
3838.5381	21.4519
3839.4993	22.569069
3840.4604	21.946554
3841.4214	22.281269
3842.3826	23.298376
3843.3435	22.265478
3844.3047	22.540892
3845.2659	22.93487
3846.2268	22.652437
3847.188	22.924162
3848.1489	23.008976
3849.1101	23.28059
3850.0713	22.440811
3851.0322	22.886072
3851.9934	22.296612
3852.9543	22.084446
3853.9155	22.955902
3854.8767	20.877588
3855.8376	22.285978
3856.7988	23.165483
3857.7598	22.315018
3858.7209	21.698412
3859.6821	21.753967
3860.6431	23.154413
3861.6042	22.452642
3862.5652	21.912344
3863.5264	21.838976
3864.4873	21.993065
3865.4485	21.154705
3866.4097	21.280214
3867.3706	21.206532
3868.3318	22.151382
3869.2927	22.164156
3870.2539	21.529654
3871.2151	22.480139
3872.176	21.37998
3873.1372	21.538815
3874.0981	21.785669
3875.0593	21.827175
3876.0205	21.326246
3876.9814	21.166573
3877.9426	21.113676
3878.9036	21.16935
3879.8647	21.442314
3880.8259	21.324804
3881.7869	21.907316
3882.748	21.397219
3883.709	21.668749
3884.6702	21.963509
3885.6313	21.921
3886.5923	21.292688
3887.5535	21.657547
3888.5144	20.530836
3889.4756	21.264265
3890.4365	21.546152
3891.3977	21.984138
3892.3589	21.472704
3893.3198	21.18166
3894.281	22.463415
3895.2419	21.647554
3896.2031	21.526339
3897.1643	20.951229
3898.1252	21.606318
3899.0864	21.493286
3900.0474	21.029844
3901.0085	20.650118
3901.9697	20.777596
3902.9307	21.399532
3903.8918	19.8899
3904.8528	20.505852
3905.814	19.933828
3906.7751	20.472481
3907.7361	20.83317
3908.6973	19.439886
3909.6582	20.483234
3910.6194	20.444098
3911.5806	19.6684
3912.5415	20.479528
3913.5027	20.597162
3914.4636	19.700134
3915.4248	20.971691
3916.3857	20.272764
3917.3469	20.751955
3918.3081	20.911098
3919.269	20.162489
3920.2302	20.700134
3921.1912	20.779272
3922.1523	20.830727
3923.1135	20.880388
3924.0745	19.306856
3925.0356	19.765865
3925.9966	20.792725
3926.9578	21.131069
3927.9189	20.799711
3928.8799	20.298042
3929.8411	20.811737
3930.802	20.055529
3931.7632	19.770805
3932.7244	20.485384
3933.6853	20.142614
3934.6465	20.225338
3935.6074	19.99427
3936.5686	19.42968
3937.5295	19.512352
3938.4907	19.605249
3939.4519	20.480967
3940.4128	19.975794
3941.374	20.183867
3942.335	19.957739
3943.2961	20.281557
3944.2573	19.839022
3945.2183	20.357719
3946.1794	20.136202
3947.1404	19.812187
3948.1016	19.897711
3949.0627	19.388802
3950.0237	19.568302
3950.9849	20.67915
3951.9458	19.947615
3952.907	19.122152
3953.8682	19.068476
3954.8291	19.941044
3955.7903	19.606737
3956.7512	19.7477
3957.7124	19.532135
3958.6736	19.505428
3959.6345	19.858829
3960.5957	20.09539
3961.5566	19.808987
3962.5178	19.918961
3963.4788	18.6124
3964.4399	19.919641
3965.4011	19.691526
3966.3621	18.874964
3967.3232	19.889439
3968.2842	19.596235
3969.2454	19.053152
3970.2065	19.609335
3971.1675	18.454285
3972.1287	19.081331
3973.0896	19.964596
3974.0508	19.621471
3975.012	18.902061
3975.9729	19.353804
3976.9341	18.858046
3977.895	18.924135
3978.8562	19.132532
3979.8174	19.718523
3980.7783	18.13522
3981.7395	19.030132
3982.7004	19.349878
3983.6616	18.950583
3984.6228	18.526932
3985.5837	18.504601
3986.5449	19.539608
3987.5059	19.529047
3988.467	19.070848
3989.428	19.002691
3990.3892	19.131639
3991.3503	18.9582
3992.3113	18.954353
3993.2725	18.357908
3994.2334	18.335686
3995.1946	18.055841
3996.1558	18.341982
3997.1167	18.507835
3998.0779	18.811832
3999.0388	19.028637
4000	19.395994
